t,count,max,mean,min,stddev,p50,p75,p95,p98,p99,p999,mean_rate,m1_rate,m5_rate,m15_rate,rate_unit,duration_unit
1780305228,1,14.000000,14.000000,14.000000,0.000000,14.000000,14.000000,14.000000,14.000000,14.000000,14.000000,2.464957,0.000000,0.000000,0.000000,calls/second,milliseconds
1780305229,3,14.000000,9.645054,4.000000,4.189152,11.000000,14.000000,14.000000,14.000000,14.000000,14.000000,2.124264,0.000000,0.000000,0.000000,calls/second,milliseconds
1780305230,3,14.000000,9.645054,4.000000,4.189152,11.000000,14.000000,14.000000,14.000000,14.000000,14.000000,1.240386,0.000000,0.000000,0.000000,calls/second,milliseconds
1780305231,3,14.000000,9.645054,4.000000,4.189152,11.000000,14.000000,14.000000,14.000000,14.000000,14.000000,0.876363,0.000000,0.000000,0.000000,calls/second,milliseconds
1780305232,3,14.000000,9.645054,4.000000,4.189152,11.000000,14.000000,14.000000,14.000000,14.000000,14.000000,0.677506,0.000000,0.000000,0.000000,calls/second,milliseconds
1780305233,3,14.000000,9.645054,4.000000,4.189152,11.000000,14.000000,14.000000,14.000000,14.000000,14.000000,0.552199,0.600000,0.600000,0.600000,calls/second,milliseconds
1780305234,3,14.000000,9.645054,4.000000,4.189152,11.000000,14.000000,14.000000,14.000000,14.000000,14.000000,0.466037,0.600000,0.600000,0.600000,calls/second,milliseconds
1780305235,3,14.000000,9.645054,4.000000,4.189152,11.000000,14.000000,14.000000,14.000000,14.000000,14.000000,0.403082,0.600000,0.600000,0.600000,calls/second,milliseconds
1780305236,3,14.000000,9.645054,4.000000,4.189152,11.000000,14.000000,14.000000,14.000000,14.000000,14.000000,0.355187,0.600000,0.600000,0.600000,calls/second,milliseconds
1780305237,3,14.000000,9.645054,4.000000,4.189152,11.000000,14.000000,14.000000,14.000000,14.000000,14.000000,0.317445,0.600000,0.600000,0.600000,calls/second,milliseconds
1780305238,3,14.000000,9.645054,4.000000,4.189152,11.000000,14.000000,14.000000,14.000000,14.000000,14.000000,0.286955,0.552027,0.590083,0.596676,calls/second,milliseconds
1780305239,3,14.000000,9.645054,4.000000,4.189152,11.000000,14.000000,14.000000,14.000000,14.000000,14.000000,0.261825,0.552027,0.590083,0.596676,calls/second,milliseconds
1780305240,3,14.000000,9.645054,4.000000,4.189152,11.000000,14.000000,14.000000,14.000000,14.000000,14.000000,0.240749,0.552027,0.590083,0.596676,calls/second,milliseconds
1780305241,3,14.000000,9.645054,4.000000,4.189152,11.000000,14.000000,14.000000,14.000000,14.000000,14.000000,0.222812,0.552027,0.590083,0.596676,calls/second,milliseconds
1780305242,3,14.000000,9.645054,4.000000,4.189152,11.000000,14.000000,14.000000,14.000000,14.000000,14.000000,0.207351,0.552027,0.590083,0.596676,calls/second,milliseconds
1780305243,3,14.000000,9.645054,4.000000,4.189152,11.000000,14.000000,14.000000,14.000000,14.000000,14.000000,0.193902,0.507889,0.580330,0.593370,calls/second,milliseconds
1780305244,3,14.000000,9.645054,4.000000,4.189152,11.000000,14.000000,14.000000,14.000000,14.000000,14.000000,0.182093,0.507889,0.580330,0.593370,calls/second,milliseconds
1780305245,3,14.000000,9.645054,4.000000,4.189152,11.000000,14.000000,14.000000,14.000000,14.000000,14.000000,0.171638,0.507889,0.580330,0.593370,calls/second,milliseconds
1780305246,3,14.000000,9.645054,4.000000,4.189152,11.000000,14.000000,14.000000,14.000000,14.000000,14.000000,0.162321,0.507889,0.580330,0.593370,calls/second,milliseconds
1780305247,3,14.000000,9.645054,4.000000,4.189152,11.000000,14.000000,14.000000,14.000000,14.000000,14.000000,0.153963,0.507889,0.580330,0.593370,calls/second,milliseconds
1780305248,3,14.000000,9.645054,4.000000,4.189152,11.000000,14.000000,14.000000,14.000000,14.000000,14.000000,0.146419,0.467280,0.570738,0.590083,calls/second,milliseconds
1780305249,3,14.000000,9.645054,4.000000,4.189152,11.000000,14.000000,14.000000,14.000000,14.000000,14.000000,0.139586,0.467280,0.570738,0.590083,calls/second,milliseconds
1780305250,3,14.000000,9.645054,4.000000,4.189152,11.000000,14.000000,14.000000,14.000000,14.000000,14.000000,0.133362,0.467280,0.570738,0.590083,calls/second,milliseconds
1780305251,3,14.000000,9.645054,4.000000,4.189152,11.000000,14.000000,14.000000,14.000000,14.000000,14.000000,0.127669,0.467280,0.570738,0.590083,calls/second,milliseconds
1780305252,3,14.000000,9.645054,4.000000,4.189152,11.000000,14.000000,14.000000,14.000000,14.000000,14.000000,0.122444,0.467280,0.570738,0.590083,calls/second,milliseconds
1780305253,3,14.000000,9.645054,4.000000,4.189152,11.000000,14.000000,14.000000,14.000000,14.000000,14.000000,0.117628,0.429919,0.561304,0.586814,calls/second,milliseconds
1780305254,3,14.000000,9.645054,4.000000,4.189152,11.000000,14.000000,14.000000,14.000000,14.000000,14.000000,0.113176,0.429919,0.561304,0.586814,calls/second,milliseconds
1780305255,3,14.000000,9.645054,4.000000,4.189152,11.000000,14.000000,14.000000,14.000000,14.000000,14.000000,0.109049,0.429919,0.561304,0.586814,calls/second,milliseconds
1780305256,3,14.000000,9.645054,4.000000,4.189152,11.000000,14.000000,14.000000,14.000000,14.000000,14.000000,0.105213,0.429919,0.561304,0.586814,calls/second,milliseconds
1780305257,3,14.000000,9.645054,4.000000,4.189152,11.000000,14.000000,14.000000,14.000000,14.000000,14.000000,0.101636,0.429919,0.561304,0.586814,calls/second,milliseconds
1780305258,3,14.000000,9.645054,4.000000,4.189152,11.000000,14.000000,14.000000,14.000000,14.000000,14.000000,0.098296,0.395544,0.552027,0.583563,calls/second,milliseconds
1780305259,3,14.000000,9.645054,4.000000,4.189152,11.000000,14.000000,14.000000,14.000000,14.000000,14.000000,0.095167,0.395544,0.552027,0.583563,calls/second,milliseconds
1780305260,3,14.000000,9.645054,4.000000,4.189152,11.000000,14.000000,14.000000,14.000000,14.000000,14.000000,0.092232,0.395544,0.552027,0.583563,calls/second,milliseconds
1780305261,3,14.000000,9.645054,4.000000,4.189152,11.000000,14.000000,14.000000,14.000000,14.000000,14.000000,0.089474,0.395544,0.552027,0.583563,calls/second,milliseconds
1780305262,3,14.000000,9.645054,4.000000,4.189152,11.000000,14.000000,14.000000,14.000000,14.000000,14.000000,0.086875,0.395544,0.552027,0.583563,calls/second,milliseconds
1780305263,3,14.000000,9.645054,4.000000,4.189152,11.000000,14.000000,14.000000,14.000000,14.000000,14.000000,0.084423,0.363918,0.542902,0.580330,calls/second,milliseconds
1780305264,3,14.000000,9.645054,4.000000,4.189152,11.000000,14.000000,14.000000,14.000000,14.000000,14.000000,0.082106,0.363918,0.542902,0.580330,calls/second,milliseconds
1780305265,3,14.000000,9.645054,4.000000,4.189152,11.000000,14.000000,14.000000,14.000000,14.000000,14.000000,0.079912,0.363918,0.542902,0.580330,calls/second,milliseconds
1780305266,3,14.000000,9.645054,4.000000,4.189152,11.000000,14.000000,14.000000,14.000000,14.000000,14.000000,0.077833,0.363918,0.542902,0.580330,calls/second,milliseconds
1780305267,3,14.000000,9.645054,4.000000,4.189152,11.000000,14.000000,14.000000,14.000000,14.000000,14.000000,0.075859,0.363918,0.542902,0.580330,calls/second,milliseconds
1780305268,3,14.000000,9.645054,4.000000,4.189152,11.000000,14.000000,14.000000,14.000000,14.000000,14.000000,0.073983,0.334821,0.533929,0.577115,calls/second,milliseconds
1780305269,3,14.000000,9.645054,4.000000,4.189152,11.000000,14.000000,14.000000,14.000000,14.000000,14.000000,0.072197,0.334821,0.533929,0.577115,calls/second,milliseconds
1780305270,3,14.000000,9.645054,4.000000,4.189152,11.000000,14.000000,14.000000,14.000000,14.000000,14.000000,0.070495,0.334821,0.533929,0.577115,calls/second,milliseconds
1780305271,3,14.000000,9.645054,4.000000,4.189152,11.000000,14.000000,14.000000,14.000000,14.000000,14.000000,0.068873,0.334821,0.533929,0.577115,calls/second,milliseconds
1780305272,3,14.000000,9.645054,4.000000,4.189152,11.000000,14.000000,14.000000,14.000000,14.000000,14.000000,0.067323,0.334821,0.533929,0.577115,calls/second,milliseconds
1780305273,3,14.000000,9.645054,4.000000,4.189152,11.000000,14.000000,14.000000,14.000000,14.000000,14.000000,0.065842,0.308050,0.525104,0.573917,calls/second,milliseconds
1780305274,3,14.000000,9.645054,4.000000,4.189152,11.000000,14.000000,14.000000,14.000000,14.000000,14.000000,0.064424,0.308050,0.525104,0.573917,calls/second,milliseconds
1780305275,3,14.000000,9.645054,4.000000,4.189152,11.000000,14.000000,14.000000,14.000000,14.000000,14.000000,0.063067,0.308050,0.525104,0.573917,calls/second,milliseconds
1780305276,3,14.000000,9.645054,4.000000,4.189152,11.000000,14.000000,14.000000,14.000000,14.000000,14.000000,0.061765,0.308050,0.525104,0.573917,calls/second,milliseconds
1780305277,3,14.000000,9.645054,4.000000,4.189152,11.000000,14.000000,14.000000,14.000000,14.000000,14.000000,0.060515,0.308050,0.525104,0.573917,calls/second,milliseconds
1780305278,3,14.000000,9.645054,4.000000,4.189152,11.000000,14.000000,14.000000,14.000000,14.000000,14.000000,0.059316,0.283420,0.516425,0.570738,calls/second,milliseconds
1780305279,3,14.000000,9.645054,4.000000,4.189152,11.000000,14.000000,14.000000,14.000000,14.000000,14.000000,0.058162,0.283420,0.516425,0.570738,calls/second,milliseconds
1780305280,3,14.000000,9.645054,4.000000,4.189152,11.000000,14.000000,14.000000,14.000000,14.000000,14.000000,0.057053,0.283420,0.516425,0.570738,calls/second,milliseconds
1780305281,3,14.000000,9.645054,4.000000,4.189152,11.000000,14.000000,14.000000,14.000000,14.000000,14.000000,0.055985,0.283420,0.516425,0.570738,calls/second,milliseconds
1780305282,3,14.000000,9.645054,4.000000,4.189152,11.000000,14.000000,14.000000,14.000000,14.000000,14.000000,0.054957,0.283420,0.516425,0.570738,calls/second,milliseconds
1780305283,3,14.000000,9.645054,4.000000,4.189152,11.000000,14.000000,14.000000,14.000000,14.000000,14.000000,0.053966,0.260759,0.507889,0.567576,calls/second,milliseconds
1780305284,3,14.000000,9.645054,4.000000,4.189152,11.000000,14.000000,14.000000,14.000000,14.000000,14.000000,0.053010,0.260759,0.507889,0.567576,calls/second,milliseconds
1780305285,3,14.000000,9.645054,4.000000,4.189152,11.000000,14.000000,14.000000,14.000000,14.000000,14.000000,0.052087,0.260759,0.507889,0.567576,calls/second,milliseconds
1780305286,3,14.000000,9.645054,4.000000,4.189152,11.000000,14.000000,14.000000,14.000000,14.000000,14.000000,0.051196,0.260759,0.507889,0.567576,calls/second,milliseconds
1780305287,3,14.000000,9.645054,4.000000,4.189152,11.000000,14.000000,14.000000,14.000000,14.000000,14.000000,0.050334,0.260759,0.507889,0.567576,calls/second,milliseconds
1780305288,3,14.000000,9.645054,4.000000,4.189152,11.000000,14.000000,14.000000,14.000000,14.000000,14.000000,0.049502,0.239910,0.499494,0.564431,calls/second,milliseconds
1780305289,3,14.000000,9.645054,4.000000,4.189152,11.000000,14.000000,14.000000,14.000000,14.000000,14.000000,0.048696,0.239910,0.499494,0.564431,calls/second,milliseconds
1780305290,3,14.000000,9.645054,4.000000,4.189152,11.000000,14.000000,14.000000,14.000000,14.000000,14.000000,0.047917,0.239910,0.499494,0.564431,calls/second,milliseconds
1780305291,3,14.000000,9.645054,4.000000,4.189152,11.000000,14.000000,14.000000,14.000000,14.000000,14.000000,0.047162,0.239910,0.499494,0.564431,calls/second,milliseconds
1780305292,3,14.000000,9.645054,4.000000,4.189152,11.000000,14.000000,14.000000,14.000000,14.000000,14.000000,0.046430,0.239910,0.499494,0.564431,calls/second,milliseconds
1780305293,3,14.000000,9.645054,4.000000,4.189152,11.000000,14.000000,14.000000,14.000000,14.000000,14.000000,0.045721,0.220728,0.491238,0.561304,calls/second,milliseconds
1780305294,3,14.000000,9.645054,4.000000,4.189152,11.000000,14.000000,14.000000,14.000000,14.000000,14.000000,0.045033,0.220728,0.491238,0.561304,calls/second,milliseconds
1780305295,3,14.000000,9.645054,4.000000,4.189152,11.000000,14.000000,14.000000,14.000000,14.000000,14.000000,0.044366,0.220728,0.491238,0.561304,calls/second,milliseconds
1780305296,3,14.000000,9.645054,4.000000,4.189152,11.000000,14.000000,14.000000,14.000000,14.000000,14.000000,0.043718,0.220728,0.491238,0.561304,calls/second,milliseconds
1780305297,3,14.000000,9.645054,4.000000,4.189152,11.000000,14.000000,14.000000,14.000000,14.000000,14.000000,0.043081,0.220728,0.491238,0.561304,calls/second,milliseconds
1780305298,3,14.000000,9.645054,4.000000,4.189152,11.000000,14.000000,14.000000,14.000000,14.000000,14.000000,0.042470,0.203079,0.483119,0.558194,calls/second,milliseconds
1780305299,3,14.000000,9.645054,4.000000,4.189152,11.000000,14.000000,14.000000,14.000000,14.000000,14.000000,0.041876,0.203079,0.483119,0.558194,calls/second,milliseconds
1780305300,3,14.000000,9.645054,4.000000,4.189152,11.000000,14.000000,14.000000,14.000000,14.000000,14.000000,0.041298,0.203079,0.483119,0.558194,calls/second,milliseconds
1780305301,3,14.000000,9.645054,4.000000,4.189152,11.000000,14.000000,14.000000,14.000000,14.000000,14.000000,0.040735,0.203079,0.483119,0.558194,calls/second,milliseconds
1780305302,3,14.000000,9.645054,4.000000,4.189152,11.000000,14.000000,14.000000,14.000000,14.000000,14.000000,0.040189,0.203079,0.483119,0.558194,calls/second,milliseconds
1780305303,3,14.000000,9.645054,4.000000,4.189152,11.000000,14.000000,14.000000,14.000000,14.000000,14.000000,0.039656,0.186842,0.475134,0.555102,calls/second,milliseconds
1780305304,3,14.000000,9.645054,4.000000,4.189152,11.000000,14.000000,14.000000,14.000000,14.000000,14.000000,0.039137,0.186842,0.475134,0.555102,calls/second,milliseconds
1780305305,3,14.000000,9.645054,4.000000,4.189152,11.000000,14.000000,14.000000,14.000000,14.000000,14.000000,0.038632,0.186842,0.475134,0.555102,calls/second,milliseconds
1780305306,3,14.000000,9.645054,4.000000,4.189152,11.000000,14.000000,14.000000,14.000000,14.000000,14.000000,0.038140,0.186842,0.475134,0.555102,calls/second,milliseconds
1780305307,3,14.000000,9.645054,4.000000,4.189152,11.000000,14.000000,14.000000,14.000000,14.000000,14.000000,0.037661,0.186842,0.475134,0.555102,calls/second,milliseconds
1780305308,3,14.000000,9.645054,4.000000,4.189152,11.000000,14.000000,14.000000,14.000000,14.000000,14.000000,0.037193,0.171903,0.467280,0.552027,calls/second,milliseconds
1780305309,3,14.000000,9.645054,4.000000,4.189152,11.000000,14.000000,14.000000,14.000000,14.000000,14.000000,0.036736,0.171903,0.467280,0.552027,calls/second,milliseconds
1780305310,3,14.000000,9.645054,4.000000,4.189152,11.000000,14.000000,14.000000,14.000000,14.000000,14.000000,0.036291,0.171903,0.467280,0.552027,calls/second,milliseconds
1780305311,3,14.000000,9.645054,4.000000,4.189152,11.000000,14.000000,14.000000,14.000000,14.000000,14.000000,0.035857,0.171903,0.467280,0.552027,calls/second,milliseconds
1780305312,3,14.000000,9.645054,4.000000,4.189152,11.000000,14.000000,14.000000,14.000000,14.000000,14.000000,0.035432,0.171903,0.467280,0.552027,calls/second,milliseconds
1780305313,3,14.000000,9.645054,4.000000,4.189152,11.000000,14.000000,14.000000,14.000000,14.000000,14.000000,0.035018,0.158158,0.459557,0.548968,calls/second,milliseconds
1780305314,3,14.000000,9.645054,4.000000,4.189152,11.000000,14.000000,14.000000,14.000000,14.000000,14.000000,0.034613,0.158158,0.459557,0.548968,calls/second,milliseconds
1780305315,3,14.000000,9.645054,4.000000,4.189152,11.000000,14.000000,14.000000,14.000000,14.000000,14.000000,0.034217,0.158158,0.459557,0.548968,calls/second,milliseconds
1780305316,3,14.000000,9.645054,4.000000,4.189152,11.000000,14.000000,14.000000,14.000000,14.000000,14.000000,0.033830,0.158158,0.459557,0.548968,calls/second,milliseconds
1780305317,3,14.000000,9.645054,4.000000,4.189152,11.000000,14.000000,14.000000,14.000000,14.000000,14.000000,0.033452,0.158158,0.459557,0.548968,calls/second,milliseconds
1780305318,3,14.000000,9.645054,4.000000,4.189152,11.000000,14.000000,14.000000,14.000000,14.000000,14.000000,0.033083,0.145513,0.451961,0.545927,calls/second,milliseconds
1780305319,3,14.000000,9.645054,4.000000,4.189152,11.000000,14.000000,14.000000,14.000000,14.000000,14.000000,0.032721,0.145513,0.451961,0.545927,calls/second,milliseconds
1780305320,3,14.000000,9.645054,4.000000,4.189152,11.000000,14.000000,14.000000,14.000000,14.000000,14.000000,0.032367,0.145513,0.451961,0.545927,calls/second,milliseconds
1780305321,3,14.000000,9.645054,4.000000,4.189152,11.000000,14.000000,14.000000,14.000000,14.000000,14.000000,0.032021,0.145513,0.451961,0.545927,calls/second,milliseconds
1780305322,3,14.000000,9.645054,4.000000,4.189152,11.000000,14.000000,14.000000,14.000000,14.000000,14.000000,0.031682,0.145513,0.451961,0.545927,calls/second,milliseconds
1780305323,3,14.000000,9.645054,4.000000,4.189152,11.000000,14.000000,14.000000,14.000000,14.000000,14.000000,0.031350,0.133878,0.444491,0.542902,calls/second,milliseconds
1780305324,3,14.000000,9.645054,4.000000,4.189152,11.000000,14.000000,14.000000,14.000000,14.000000,14.000000,0.031025,0.133878,0.444491,0.542902,calls/second,milliseconds
1780305325,3,14.000000,9.645054,4.000000,4.189152,11.000000,14.000000,14.000000,14.000000,14.000000,14.000000,0.030707,0.133878,0.444491,0.542902,calls/second,milliseconds
1780305326,3,14.000000,9.645054,4.000000,4.189152,11.000000,14.000000,14.000000,14.000000,14.000000,14.000000,0.030395,0.133878,0.444491,0.542902,calls/second,milliseconds
1780305327,3,14.000000,9.645054,4.000000,4.189152,11.000000,14.000000,14.000000,14.000000,14.000000,14.000000,0.030089,0.133878,0.444491,0.542902,calls/second,milliseconds
1780305328,3,14.000000,9.645054,4.000000,4.189152,11.000000,14.000000,14.000000,14.000000,14.000000,14.000000,0.029790,0.123174,0.437144,0.539895,calls/second,milliseconds
1780305329,3,14.000000,9.645054,4.000000,4.189152,11.000000,14.000000,14.000000,14.000000,14.000000,14.000000,0.029496,0.123174,0.437144,0.539895,calls/second,milliseconds
1780305330,3,14.000000,9.645054,4.000000,4.189152,11.000000,14.000000,14.000000,14.000000,14.000000,14.000000,0.029209,0.123174,0.437144,0.539895,calls/second,milliseconds
1780305331,3,14.000000,9.645054,4.000000,4.189152,11.000000,14.000000,14.000000,14.000000,14.000000,14.000000,0.028926,0.123174,0.437144,0.539895,calls/second,milliseconds
1780305332,3,14.000000,9.645054,4.000000,4.189152,11.000000,14.000000,14.000000,14.000000,14.000000,14.000000,0.028649,0.123174,0.437144,0.539895,calls/second,milliseconds
1780305333,3,14.000000,9.645054,4.000000,4.189152,11.000000,14.000000,14.000000,14.000000,14.000000,14.000000,0.028377,0.113325,0.429919,0.536904,calls/second,milliseconds
1780305334,3,14.000000,9.645054,4.000000,4.189152,11.000000,14.000000,14.000000,14.000000,14.000000,14.000000,0.028111,0.113325,0.429919,0.536904,calls/second,milliseconds
1780305335,3,14.000000,9.645054,4.000000,4.189152,11.000000,14.000000,14.000000,14.000000,14.000000,14.000000,0.027849,0.113325,0.429919,0.536904,calls/second,milliseconds
1780305336,3,14.000000,9.645054,4.000000,4.189152,11.000000,14.000000,14.000000,14.000000,14.000000,14.000000,0.027592,0.113325,0.429919,0.536904,calls/second,milliseconds
1780305337,3,14.000000,9.645054,4.000000,4.189152,11.000000,14.000000,14.000000,14.000000,14.000000,14.000000,0.027340,0.113325,0.429919,0.536904,calls/second,milliseconds
1780305338,3,14.000000,9.645054,4.000000,4.189152,11.000000,14.000000,14.000000,14.000000,14.000000,14.000000,0.027093,0.104264,0.422813,0.533929,calls/second,milliseconds
1780305339,3,14.000000,9.645054,4.000000,4.189152,11.000000,14.000000,14.000000,14.000000,14.000000,14.000000,0.026850,0.104264,0.422813,0.533929,calls/second,milliseconds
1780305340,3,14.000000,9.645054,4.000000,4.189152,11.000000,14.000000,14.000000,14.000000,14.000000,14.000000,0.026611,0.104264,0.422813,0.533929,calls/second,milliseconds
1780305341,3,14.000000,9.645054,4.000000,4.189152,11.000000,14.000000,14.000000,14.000000,14.000000,14.000000,0.026376,0.104264,0.422813,0.533929,calls/second,milliseconds
1780305342,3,14.000000,9.645054,4.000000,4.189152,11.000000,14.000000,14.000000,14.000000,14.000000,14.000000,0.026146,0.104264,0.422813,0.533929,calls/second,milliseconds
1780305343,3,14.000000,9.645054,4.000000,4.189152,11.000000,14.000000,14.000000,14.000000,14.000000,14.000000,0.025919,0.095928,0.415824,0.530971,calls/second,milliseconds
1780305344,3,14.000000,9.645054,4.000000,4.189152,11.000000,14.000000,14.000000,14.000000,14.000000,14.000000,0.025697,0.095928,0.415824,0.530971,calls/second,milliseconds
1780305345,3,14.000000,9.645054,4.000000,4.189152,11.000000,14.000000,14.000000,14.000000,14.000000,14.000000,0.025478,0.095928,0.415824,0.530971,calls/second,milliseconds
1780305346,3,14.000000,9.645054,4.000000,4.189152,11.000000,14.000000,14.000000,14.000000,14.000000,14.000000,0.025263,0.095928,0.415824,0.530971,calls/second,milliseconds
1780305347,3,14.000000,9.645054,4.000000,4.189152,11.000000,14.000000,14.000000,14.000000,14.000000,14.000000,0.025052,0.095928,0.415824,0.530971,calls/second,milliseconds
1780305348,3,14.000000,9.645054,4.000000,4.189152,11.000000,14.000000,14.000000,14.000000,14.000000,14.000000,0.024844,0.088258,0.408951,0.528029,calls/second,milliseconds
1780305349,3,14.000000,9.645054,4.000000,4.189152,11.000000,14.000000,14.000000,14.000000,14.000000,14.000000,0.024639,0.088258,0.408951,0.528029,calls/second,milliseconds
1780305350,3,14.000000,9.645054,4.000000,4.189152,11.000000,14.000000,14.000000,14.000000,14.000000,14.000000,0.024438,0.088258,0.408951,0.528029,calls/second,milliseconds
1780305351,3,14.000000,9.645054,4.000000,4.189152,11.000000,14.000000,14.000000,14.000000,14.000000,14.000000,0.024240,0.088258,0.408951,0.528029,calls/second,milliseconds
1780305352,3,14.000000,9.645054,4.000000,4.189152,11.000000,14.000000,14.000000,14.000000,14.000000,14.000000,0.024045,0.088258,0.408951,0.528029,calls/second,milliseconds
1780305353,3,14.000000,9.645054,4.000000,4.189152,11.000000,14.000000,14.000000,14.000000,14.000000,14.000000,0.023854,0.081201,0.402192,0.525104,calls/second,milliseconds
1780305354,3,14.000000,9.645054,4.000000,4.189152,11.000000,14.000000,14.000000,14.000000,14.000000,14.000000,0.023665,0.081201,0.402192,0.525104,calls/second,milliseconds
1780305355,3,14.000000,9.645054,4.000000,4.189152,11.000000,14.000000,14.000000,14.000000,14.000000,14.000000,0.023479,0.081201,0.402192,0.525104,calls/second,milliseconds
1780305356,3,14.000000,9.645054,4.000000,4.189152,11.000000,14.000000,14.000000,14.000000,14.000000,14.000000,0.023296,0.081201,0.402192,0.525104,calls/second,milliseconds
1780305357,3,14.000000,9.645054,4.000000,4.189152,11.000000,14.000000,14.000000,14.000000,14.000000,14.000000,0.023117,0.081201,0.402192,0.525104,calls/second,milliseconds
1780305358,3,14.000000,9.645054,4.000000,4.189152,11.000000,14.000000,14.000000,14.000000,14.000000,14.000000,0.022939,0.074709,0.395544,0.522195,calls/second,milliseconds
1780305359,3,14.000000,9.645054,4.000000,4.189152,11.000000,14.000000,14.000000,14.000000,14.000000,14.000000,0.022765,0.074709,0.395544,0.522195,calls/second,milliseconds
1780305360,3,14.000000,9.645054,4.000000,4.189152,11.000000,14.000000,14.000000,14.000000,14.000000,14.000000,0.022593,0.074709,0.395544,0.522195,calls/second,milliseconds
1780305361,3,14.000000,9.645054,4.000000,4.189152,11.000000,14.000000,14.000000,14.000000,14.000000,14.000000,0.022424,0.074709,0.395544,0.522195,calls/second,milliseconds
1780305362,3,14.000000,9.645054,4.000000,4.189152,11.000000,14.000000,14.000000,14.000000,14.000000,14.000000,0.022257,0.074709,0.395544,0.522195,calls/second,milliseconds
1780305363,3,14.000000,9.645054,4.000000,4.189152,11.000000,14.000000,14.000000,14.000000,14.000000,14.000000,0.022093,0.068735,0.389007,0.519302,calls/second,milliseconds
1780305364,3,14.000000,9.645054,4.000000,4.189152,11.000000,14.000000,14.000000,14.000000,14.000000,14.000000,0.021931,0.068735,0.389007,0.519302,calls/second,milliseconds
1780305365,3,14.000000,9.645054,4.000000,4.189152,11.000000,14.000000,14.000000,14.000000,14.000000,14.000000,0.021771,0.068735,0.389007,0.519302,calls/second,milliseconds
1780305366,3,14.000000,9.645054,4.000000,4.189152,11.000000,14.000000,14.000000,14.000000,14.000000,14.000000,0.021614,0.068735,0.389007,0.519302,calls/second,milliseconds
1780305367,3,14.000000,9.645054,4.000000,4.189152,11.000000,14.000000,14.000000,14.000000,14.000000,14.000000,0.021457,0.068735,0.389007,0.519302,calls/second,milliseconds
1780305368,3,14.000000,9.645054,4.000000,4.189152,11.000000,14.000000,14.000000,14.000000,14.000000,14.000000,0.021304,0.063240,0.382577,0.516425,calls/second,milliseconds
1780305369,3,14.000000,9.645054,4.000000,4.189152,11.000000,14.000000,14.000000,14.000000,14.000000,14.000000,0.021153,0.063240,0.382577,0.516425,calls/second,milliseconds
1780305370,3,14.000000,9.645054,4.000000,4.189152,11.000000,14.000000,14.000000,14.000000,14.000000,14.000000,0.021005,0.063240,0.382577,0.516425,calls/second,milliseconds
1780305371,3,14.000000,9.645054,4.000000,4.189152,11.000000,14.000000,14.000000,14.000000,14.000000,14.000000,0.020858,0.063240,0.382577,0.516425,calls/second,milliseconds
1780305372,3,14.000000,9.645054,4.000000,4.189152,11.000000,14.000000,14.000000,14.000000,14.000000,14.000000,0.020714,0.063240,0.382577,0.516425,calls/second,milliseconds
1780305373,3,14.000000,9.645054,4.000000,4.189152,11.000000,14.000000,14.000000,14.000000,14.000000,14.000000,0.020572,0.058183,0.376253,0.513564,calls/second,milliseconds
1780305374,3,14.000000,9.645054,4.000000,4.189152,11.000000,14.000000,14.000000,14.000000,14.000000,14.000000,0.020431,0.058183,0.376253,0.513564,calls/second,milliseconds
1780305375,3,14.000000,9.645054,4.000000,4.189152,11.000000,14.000000,14.000000,14.000000,14.000000,14.000000,0.020293,0.058183,0.376253,0.513564,calls/second,milliseconds
1780305376,3,14.000000,9.645054,4.000000,4.189152,11.000000,14.000000,14.000000,14.000000,14.000000,14.000000,0.020156,0.058183,0.376253,0.513564,calls/second,milliseconds
1780305377,3,14.000000,9.645054,4.000000,4.189152,11.000000,14.000000,14.000000,14.000000,14.000000,14.000000,0.020021,0.058183,0.376253,0.513564,calls/second,milliseconds
1780305378,3,14.000000,9.645054,4.000000,4.189152,11.000000,14.000000,14.000000,14.000000,14.000000,14.000000,0.019888,0.053531,0.370035,0.510718,calls/second,milliseconds
1780305380,3,14.000000,9.645054,4.000000,4.189152,11.000000,14.000000,14.000000,14.000000,14.000000,14.000000,0.019757,0.053531,0.370035,0.510718,calls/second,milliseconds
1780305381,3,14.000000,9.645054,4.000000,4.189152,11.000000,14.000000,14.000000,14.000000,14.000000,14.000000,0.019628,0.053531,0.370035,0.510718,calls/second,milliseconds
1780305382,3,14.000000,9.645054,4.000000,4.189152,11.000000,14.000000,14.000000,14.000000,14.000000,14.000000,0.019500,0.053531,0.370035,0.510718,calls/second,milliseconds
1780305383,3,14.000000,9.645054,4.000000,4.189152,11.000000,14.000000,14.000000,14.000000,14.000000,14.000000,0.019374,0.053531,0.370035,0.510718,calls/second,milliseconds
1780305384,3,14.000000,9.645054,4.000000,4.189152,11.000000,14.000000,14.000000,14.000000,14.000000,14.000000,0.019249,0.049251,0.363918,0.507889,calls/second,milliseconds
1780305385,3,14.000000,9.645054,4.000000,4.189152,11.000000,14.000000,14.000000,14.000000,14.000000,14.000000,0.019126,0.049251,0.363918,0.507889,calls/second,milliseconds
1780305386,3,14.000000,9.645054,4.000000,4.189152,11.000000,14.000000,14.000000,14.000000,14.000000,14.000000,0.019005,0.049251,0.363918,0.507889,calls/second,milliseconds
1780305387,3,14.000000,9.645054,4.000000,4.189152,11.000000,14.000000,14.000000,14.000000,14.000000,14.000000,0.018885,0.049251,0.363918,0.507889,calls/second,milliseconds
1780305388,3,14.000000,9.645054,4.000000,4.189152,11.000000,14.000000,14.000000,14.000000,14.000000,14.000000,0.018766,0.049251,0.363918,0.507889,calls/second,milliseconds
1780305389,3,14.000000,9.645054,4.000000,4.189152,11.000000,14.000000,14.000000,14.000000,14.000000,14.000000,0.018650,0.045313,0.357903,0.505075,calls/second,milliseconds
1780305390,3,14.000000,9.645054,4.000000,4.189152,11.000000,14.000000,14.000000,14.000000,14.000000,14.000000,0.018534,0.045313,0.357903,0.505075,calls/second,milliseconds
1780305391,3,14.000000,9.645054,4.000000,4.189152,11.000000,14.000000,14.000000,14.000000,14.000000,14.000000,0.018420,0.045313,0.357903,0.505075,calls/second,milliseconds
1780305392,3,14.000000,9.645054,4.000000,4.189152,11.000000,14.000000,14.000000,14.000000,14.000000,14.000000,0.018307,0.045313,0.357903,0.505075,calls/second,milliseconds
1780305393,3,14.000000,9.645054,4.000000,4.189152,11.000000,14.000000,14.000000,14.000000,14.000000,14.000000,0.018196,0.045313,0.357903,0.505075,calls/second,milliseconds
1780305394,3,14.000000,9.645054,4.000000,4.189152,11.000000,14.000000,14.000000,14.000000,14.000000,14.000000,0.018086,0.041690,0.351988,0.502277,calls/second,milliseconds
1780305395,3,14.000000,9.645054,4.000000,4.189152,11.000000,14.000000,14.000000,14.000000,14.000000,14.000000,0.017978,0.041690,0.351988,0.502277,calls/second,milliseconds
1780305396,3,14.000000,9.645054,4.000000,4.189152,11.000000,14.000000,14.000000,14.000000,14.000000,14.000000,0.017870,0.041690,0.351988,0.502277,calls/second,milliseconds
1780305397,3,14.000000,9.645054,4.000000,4.189152,11.000000,14.000000,14.000000,14.000000,14.000000,14.000000,0.017764,0.041690,0.351988,0.502277,calls/second,milliseconds
1780305398,3,14.000000,9.645054,4.000000,4.189152,11.000000,14.000000,14.000000,14.000000,14.000000,14.000000,0.017659,0.041690,0.351988,0.502277,calls/second,milliseconds
1780305399,3,14.000000,9.645054,4.000000,4.189152,11.000000,14.000000,14.000000,14.000000,14.000000,14.000000,0.017556,0.038357,0.346170,0.499494,calls/second,milliseconds
1780305400,3,14.000000,9.645054,4.000000,4.189152,11.000000,14.000000,14.000000,14.000000,14.000000,14.000000,0.017454,0.038357,0.346170,0.499494,calls/second,milliseconds
1780305401,3,14.000000,9.645054,4.000000,4.189152,11.000000,14.000000,14.000000,14.000000,14.000000,14.000000,0.017352,0.038357,0.346170,0.499494,calls/second,milliseconds
1780305402,3,14.000000,9.645054,4.000000,4.189152,11.000000,14.000000,14.000000,14.000000,14.000000,14.000000,0.017252,0.038357,0.346170,0.499494,calls/second,milliseconds
1780305403,3,14.000000,9.645054,4.000000,4.189152,11.000000,14.000000,14.000000,14.000000,14.000000,14.000000,0.017154,0.038357,0.346170,0.499494,calls/second,milliseconds
1780305404,3,14.000000,9.645054,4.000000,4.189152,11.000000,14.000000,14.000000,14.000000,14.000000,14.000000,0.017056,0.035290,0.340448,0.496727,calls/second,milliseconds
1780305405,3,14.000000,9.645054,4.000000,4.189152,11.000000,14.000000,14.000000,14.000000,14.000000,14.000000,0.016959,0.035290,0.340448,0.496727,calls/second,milliseconds
1780305406,3,14.000000,9.645054,4.000000,4.189152,11.000000,14.000000,14.000000,14.000000,14.000000,14.000000,0.016864,0.035290,0.340448,0.496727,calls/second,milliseconds
1780305407,3,14.000000,9.645054,4.000000,4.189152,11.000000,14.000000,14.000000,14.000000,14.000000,14.000000,0.016769,0.035290,0.340448,0.496727,calls/second,milliseconds
1780305408,3,14.000000,9.645054,4.000000,4.189152,11.000000,14.000000,14.000000,14.000000,14.000000,14.000000,0.016676,0.035290,0.340448,0.496727,calls/second,milliseconds
1780305409,3,14.000000,9.645054,4.000000,4.189152,11.000000,14.000000,14.000000,14.000000,14.000000,14.000000,0.016583,0.032468,0.334821,0.493975,calls/second,milliseconds
1780305410,3,14.000000,9.645054,4.000000,4.189152,11.000000,14.000000,14.000000,14.000000,14.000000,14.000000,0.016492,0.032468,0.334821,0.493975,calls/second,milliseconds
1780305411,3,14.000000,9.645054,4.000000,4.189152,11.000000,14.000000,14.000000,14.000000,14.000000,14.000000,0.016402,0.032468,0.334821,0.493975,calls/second,milliseconds
1780305412,3,14.000000,9.645054,4.000000,4.189152,11.000000,14.000000,14.000000,14.000000,14.000000,14.000000,0.016312,0.032468,0.334821,0.493975,calls/second,milliseconds
1780305413,3,14.000000,9.645054,4.000000,4.189152,11.000000,14.000000,14.000000,14.000000,14.000000,14.000000,0.016224,0.032468,0.334821,0.493975,calls/second,milliseconds
1780305414,3,14.000000,9.645054,4.000000,4.189152,11.000000,14.000000,14.000000,14.000000,14.000000,14.000000,0.016136,0.029872,0.329287,0.491238,calls/second,milliseconds
1780305415,3,14.000000,9.645054,4.000000,4.189152,11.000000,14.000000,14.000000,14.000000,14.000000,14.000000,0.016050,0.029872,0.329287,0.491238,calls/second,milliseconds
1780305416,3,14.000000,9.645054,4.000000,4.189152,11.000000,14.000000,14.000000,14.000000,14.000000,14.000000,0.015964,0.029872,0.329287,0.491238,calls/second,milliseconds
1780305417,3,14.000000,9.645054,4.000000,4.189152,11.000000,14.000000,14.000000,14.000000,14.000000,14.000000,0.015880,0.029872,0.329287,0.491238,calls/second,milliseconds
1780305418,3,14.000000,9.645054,4.000000,4.189152,11.000000,14.000000,14.000000,14.000000,14.000000,14.000000,0.015796,0.029872,0.329287,0.491238,calls/second,milliseconds
1780305419,3,14.000000,9.645054,4.000000,4.189152,11.000000,14.000000,14.000000,14.000000,14.000000,14.000000,0.015713,0.027484,0.323844,0.488517,calls/second,milliseconds
1780305420,3,14.000000,9.645054,4.000000,4.189152,11.000000,14.000000,14.000000,14.000000,14.000000,14.000000,0.015631,0.027484,0.323844,0.488517,calls/second,milliseconds
1780305421,3,14.000000,9.645054,4.000000,4.189152,11.000000,14.000000,14.000000,14.000000,14.000000,14.000000,0.015550,0.027484,0.323844,0.488517,calls/second,milliseconds
1780305422,3,14.000000,9.645054,4.000000,4.189152,11.000000,14.000000,14.000000,14.000000,14.000000,14.000000,0.015469,0.027484,0.323844,0.488517,calls/second,milliseconds
1780305423,3,14.000000,9.645054,4.000000,4.189152,11.000000,14.000000,14.000000,14.000000,14.000000,14.000000,0.015390,0.027484,0.323844,0.488517,calls/second,milliseconds
1780305424,3,14.000000,9.645054,4.000000,4.189152,11.000000,14.000000,14.000000,14.000000,14.000000,14.000000,0.015311,0.025286,0.318492,0.485810,calls/second,milliseconds
1780305425,3,14.000000,9.645054,4.000000,4.189152,11.000000,14.000000,14.000000,14.000000,14.000000,14.000000,0.015233,0.025286,0.318492,0.485810,calls/second,milliseconds
1780305426,3,14.000000,9.645054,4.000000,4.189152,11.000000,14.000000,14.000000,14.000000,14.000000,14.000000,0.015156,0.025286,0.318492,0.485810,calls/second,milliseconds
1780305427,3,14.000000,9.645054,4.000000,4.189152,11.000000,14.000000,14.000000,14.000000,14.000000,14.000000,0.015079,0.025286,0.318492,0.485810,calls/second,milliseconds
1780305428,3,14.000000,9.645054,4.000000,4.189152,11.000000,14.000000,14.000000,14.000000,14.000000,14.000000,0.015004,0.025286,0.318492,0.485810,calls/second,milliseconds
1780305429,3,14.000000,9.645054,4.000000,4.189152,11.000000,14.000000,14.000000,14.000000,14.000000,14.000000,0.014929,0.023265,0.313227,0.483119,calls/second,milliseconds
1780305430,3,14.000000,9.645054,4.000000,4.189152,11.000000,14.000000,14.000000,14.000000,14.000000,14.000000,0.014855,0.023265,0.313227,0.483119,calls/second,milliseconds
1780305431,3,14.000000,9.645054,4.000000,4.189152,11.000000,14.000000,14.000000,14.000000,14.000000,14.000000,0.014782,0.023265,0.313227,0.483119,calls/second,milliseconds
1780305432,3,14.000000,9.645054,4.000000,4.189152,11.000000,14.000000,14.000000,14.000000,14.000000,14.000000,0.014709,0.023265,0.313227,0.483119,calls/second,milliseconds
1780305433,3,14.000000,9.645054,4.000000,4.189152,11.000000,14.000000,14.000000,14.000000,14.000000,14.000000,0.014637,0.023265,0.313227,0.483119,calls/second,milliseconds
1780305434,3,14.000000,9.645054,4.000000,4.189152,11.000000,14.000000,14.000000,14.000000,14.000000,14.000000,0.014566,0.021404,0.308050,0.480442,calls/second,milliseconds
1780305435,3,14.000000,9.645054,4.000000,4.189152,11.000000,14.000000,14.000000,14.000000,14.000000,14.000000,0.014495,0.021404,0.308050,0.480442,calls/second,milliseconds
1780305436,3,14.000000,9.645054,4.000000,4.189152,11.000000,14.000000,14.000000,14.000000,14.000000,14.000000,0.014425,0.021404,0.308050,0.480442,calls/second,milliseconds
1780305437,3,14.000000,9.645054,4.000000,4.189152,11.000000,14.000000,14.000000,14.000000,14.000000,14.000000,0.014356,0.021404,0.308050,0.480442,calls/second,milliseconds
1780305438,3,14.000000,9.645054,4.000000,4.189152,11.000000,14.000000,14.000000,14.000000,14.000000,14.000000,0.014288,0.021404,0.308050,0.480442,calls/second,milliseconds
1780305439,3,14.000000,9.645054,4.000000,4.189152,11.000000,14.000000,14.000000,14.000000,14.000000,14.000000,0.014220,0.019693,0.302959,0.477781,calls/second,milliseconds
1780305440,3,14.000000,9.645054,4.000000,4.189152,11.000000,14.000000,14.000000,14.000000,14.000000,14.000000,0.014153,0.019693,0.302959,0.477781,calls/second,milliseconds
1780305441,3,14.000000,9.645054,4.000000,4.189152,11.000000,14.000000,14.000000,14.000000,14.000000,14.000000,0.014086,0.019693,0.302959,0.477781,calls/second,milliseconds
1780305442,3,14.000000,9.645054,4.000000,4.189152,11.000000,14.000000,14.000000,14.000000,14.000000,14.000000,0.014020,0.019693,0.302959,0.477781,calls/second,milliseconds
1780305443,3,14.000000,9.645054,4.000000,4.189152,11.000000,14.000000,14.000000,14.000000,14.000000,14.000000,0.013955,0.019693,0.302959,0.477781,calls/second,milliseconds
1780305444,3,14.000000,9.645054,4.000000,4.189152,11.000000,14.000000,14.000000,14.000000,14.000000,14.000000,0.013890,0.018118,0.297951,0.475134,calls/second,milliseconds
1780305445,3,14.000000,9.645054,4.000000,4.189152,11.000000,14.000000,14.000000,14.000000,14.000000,14.000000,0.013826,0.018118,0.297951,0.475134,calls/second,milliseconds
1780305446,3,14.000000,9.645054,4.000000,4.189152,11.000000,14.000000,14.000000,14.000000,14.000000,14.000000,0.013762,0.018118,0.297951,0.475134,calls/second,milliseconds
1780305447,3,14.000000,9.645054,4.000000,4.189152,11.000000,14.000000,14.000000,14.000000,14.000000,14.000000,0.013699,0.018118,0.297951,0.475134,calls/second,milliseconds
1780305448,3,14.000000,9.645054,4.000000,4.189152,11.000000,14.000000,14.000000,14.000000,14.000000,14.000000,0.013637,0.018118,0.297951,0.475134,calls/second,milliseconds
1780305449,3,14.000000,9.645054,4.000000,4.189152,11.000000,14.000000,14.000000,14.000000,14.000000,14.000000,0.013575,0.016670,0.293026,0.472501,calls/second,milliseconds
1780305450,3,14.000000,9.645054,4.000000,4.189152,11.000000,14.000000,14.000000,14.000000,14.000000,14.000000,0.013514,0.016670,0.293026,0.472501,calls/second,milliseconds
1780305451,3,14.000000,9.645054,4.000000,4.189152,11.000000,14.000000,14.000000,14.000000,14.000000,14.000000,0.013453,0.016670,0.293026,0.472501,calls/second,milliseconds
1780305452,3,14.000000,9.645054,4.000000,4.189152,11.000000,14.000000,14.000000,14.000000,14.000000,14.000000,0.013393,0.016670,0.293026,0.472501,calls/second,milliseconds
1780305453,3,14.000000,9.645054,4.000000,4.189152,11.000000,14.000000,14.000000,14.000000,14.000000,14.000000,0.013333,0.015337,0.288183,0.469884,calls/second,milliseconds
1780305454,3,14.000000,9.645054,4.000000,4.189152,11.000000,14.000000,14.000000,14.000000,14.000000,14.000000,0.013274,0.015337,0.288183,0.469884,calls/second,milliseconds
1780305455,3,14.000000,9.645054,4.000000,4.189152,11.000000,14.000000,14.000000,14.000000,14.000000,14.000000,0.013215,0.015337,0.288183,0.469884,calls/second,milliseconds
1780305456,3,14.000000,9.645054,4.000000,4.189152,11.000000,14.000000,14.000000,14.000000,14.000000,14.000000,0.013157,0.015337,0.288183,0.469884,calls/second,milliseconds
1780305457,3,14.000000,9.645054,4.000000,4.189152,11.000000,14.000000,14.000000,14.000000,14.000000,14.000000,0.013100,0.015337,0.288183,0.469884,calls/second,milliseconds
1780305458,3,14.000000,9.645054,4.000000,4.189152,11.000000,14.000000,14.000000,14.000000,14.000000,14.000000,0.013043,0.014111,0.283420,0.467280,calls/second,milliseconds
1780305459,3,14.000000,9.645054,4.000000,4.189152,11.000000,14.000000,14.000000,14.000000,14.000000,14.000000,0.012986,0.014111,0.283420,0.467280,calls/second,milliseconds
1780305460,3,14.000000,9.645054,4.000000,4.189152,11.000000,14.000000,14.000000,14.000000,14.000000,14.000000,0.012930,0.014111,0.283420,0.467280,calls/second,milliseconds
1780305461,3,14.000000,9.645054,4.000000,4.189152,11.000000,14.000000,14.000000,14.000000,14.000000,14.000000,0.012874,0.014111,0.283420,0.467280,calls/second,milliseconds
1780305462,3,14.000000,9.645054,4.000000,4.189152,11.000000,14.000000,14.000000,14.000000,14.000000,14.000000,0.012819,0.014111,0.283420,0.467280,calls/second,milliseconds
1780305463,3,14.000000,9.645054,4.000000,4.189152,11.000000,14.000000,14.000000,14.000000,14.000000,14.000000,0.012765,0.012982,0.278735,0.464692,calls/second,milliseconds
1780305464,3,14.000000,9.645054,4.000000,4.189152,11.000000,14.000000,14.000000,14.000000,14.000000,14.000000,0.012710,0.012982,0.278735,0.464692,calls/second,milliseconds
1780305465,3,14.000000,9.645054,4.000000,4.189152,11.000000,14.000000,14.000000,14.000000,14.000000,14.000000,0.012657,0.012982,0.278735,0.464692,calls/second,milliseconds
1780305466,3,14.000000,9.645054,4.000000,4.189152,11.000000,14.000000,14.000000,14.000000,14.000000,14.000000,0.012603,0.012982,0.278735,0.464692,calls/second,milliseconds
1780305467,3,14.000000,9.645054,4.000000,4.189152,11.000000,14.000000,14.000000,14.000000,14.000000,14.000000,0.012550,0.012982,0.278735,0.464692,calls/second,milliseconds
1780305468,3,14.000000,9.645054,4.000000,4.189152,11.000000,14.000000,14.000000,14.000000,14.000000,14.000000,0.012498,0.011944,0.274128,0.462117,calls/second,milliseconds
1780305469,3,14.000000,9.645054,4.000000,4.189152,11.000000,14.000000,14.000000,14.000000,14.000000,14.000000,0.012446,0.011944,0.274128,0.462117,calls/second,milliseconds
1780305470,3,14.000000,9.645054,4.000000,4.189152,11.000000,14.000000,14.000000,14.000000,14.000000,14.000000,0.012395,0.011944,0.274128,0.462117,calls/second,milliseconds
1780305471,3,14.000000,9.645054,4.000000,4.189152,11.000000,14.000000,14.000000,14.000000,14.000000,14.000000,0.012343,0.011944,0.274128,0.462117,calls/second,milliseconds
1780305472,3,14.000000,9.645054,4.000000,4.189152,11.000000,14.000000,14.000000,14.000000,14.000000,14.000000,0.012293,0.011944,0.274128,0.462117,calls/second,milliseconds
1780305473,3,14.000000,9.645054,4.000000,4.189152,11.000000,14.000000,14.000000,14.000000,14.000000,14.000000,0.012242,0.010989,0.269597,0.459557,calls/second,milliseconds
1780305474,3,14.000000,9.645054,4.000000,4.189152,11.000000,14.000000,14.000000,14.000000,14.000000,14.000000,0.012192,0.010989,0.269597,0.459557,calls/second,milliseconds
1780305475,3,14.000000,9.645054,4.000000,4.189152,11.000000,14.000000,14.000000,14.000000,14.000000,14.000000,0.012143,0.010989,0.269597,0.459557,calls/second,milliseconds
1780305476,3,14.000000,9.645054,4.000000,4.189152,11.000000,14.000000,14.000000,14.000000,14.000000,14.000000,0.012094,0.010989,0.269597,0.459557,calls/second,milliseconds
1780305477,3,14.000000,9.645054,4.000000,4.189152,11.000000,14.000000,14.000000,14.000000,14.000000,14.000000,0.012045,0.010989,0.269597,0.459557,calls/second,milliseconds
1780305478,3,14.000000,9.645054,4.000000,4.189152,11.000000,14.000000,14.000000,14.000000,14.000000,14.000000,0.011997,0.010111,0.265141,0.457011,calls/second,milliseconds
1780305479,3,14.000000,9.645054,4.000000,4.189152,11.000000,14.000000,14.000000,14.000000,14.000000,14.000000,0.011949,0.010111,0.265141,0.457011,calls/second,milliseconds
1780305480,3,14.000000,9.645054,4.000000,4.189152,11.000000,14.000000,14.000000,14.000000,14.000000,14.000000,0.011901,0.010111,0.265141,0.457011,calls/second,milliseconds
1780305481,3,14.000000,9.645054,4.000000,4.189152,11.000000,14.000000,14.000000,14.000000,14.000000,14.000000,0.011854,0.010111,0.265141,0.457011,calls/second,milliseconds
1780305482,3,14.000000,9.645054,4.000000,4.189152,11.000000,14.000000,14.000000,14.000000,14.000000,14.000000,0.011807,0.010111,0.265141,0.457011,calls/second,milliseconds
1780305483,3,14.000000,9.645054,4.000000,4.189152,11.000000,14.000000,14.000000,14.000000,14.000000,14.000000,0.011761,0.009302,0.260759,0.454479,calls/second,milliseconds
1780305484,3,14.000000,9.645054,4.000000,4.189152,11.000000,14.000000,14.000000,14.000000,14.000000,14.000000,0.011715,0.009302,0.260759,0.454479,calls/second,milliseconds
1780305485,3,14.000000,9.645054,4.000000,4.189152,11.000000,14.000000,14.000000,14.000000,14.000000,14.000000,0.011669,0.009302,0.260759,0.454479,calls/second,milliseconds
1780305486,3,14.000000,9.645054,4.000000,4.189152,11.000000,14.000000,14.000000,14.000000,14.000000,14.000000,0.011624,0.009302,0.260759,0.454479,calls/second,milliseconds
1780305487,3,14.000000,9.645054,4.000000,4.189152,11.000000,14.000000,14.000000,14.000000,14.000000,14.000000,0.011579,0.009302,0.260759,0.454479,calls/second,milliseconds
1780305488,3,14.000000,9.645054,4.000000,4.189152,11.000000,14.000000,14.000000,14.000000,14.000000,14.000000,0.011534,0.008559,0.256449,0.451961,calls/second,milliseconds
1780305489,3,14.000000,9.645054,4.000000,4.189152,11.000000,14.000000,14.000000,14.000000,14.000000,14.000000,0.011490,0.008559,0.256449,0.451961,calls/second,milliseconds
1780305490,3,14.000000,9.645054,4.000000,4.189152,11.000000,14.000000,14.000000,14.000000,14.000000,14.000000,0.011446,0.008559,0.256449,0.451961,calls/second,milliseconds
1780305491,3,14.000000,9.645054,4.000000,4.189152,11.000000,14.000000,14.000000,14.000000,14.000000,14.000000,0.011403,0.008559,0.256449,0.451961,calls/second,milliseconds
1780305492,3,14.000000,9.645054,4.000000,4.189152,11.000000,14.000000,14.000000,14.000000,14.000000,14.000000,0.011359,0.008559,0.256449,0.451961,calls/second,milliseconds
1780305493,3,14.000000,9.645054,4.000000,4.189152,11.000000,14.000000,14.000000,14.000000,14.000000,14.000000,0.011316,0.007874,0.252210,0.449457,calls/second,milliseconds
1780305494,3,14.000000,9.645054,4.000000,4.189152,11.000000,14.000000,14.000000,14.000000,14.000000,14.000000,0.011274,0.007874,0.252210,0.449457,calls/second,milliseconds
1780305495,3,14.000000,9.645054,4.000000,4.189152,11.000000,14.000000,14.000000,14.000000,14.000000,14.000000,0.011231,0.007874,0.252210,0.449457,calls/second,milliseconds
1780305496,3,14.000000,9.645054,4.000000,4.189152,11.000000,14.000000,14.000000,14.000000,14.000000,14.000000,0.011189,0.007874,0.252210,0.449457,calls/second,milliseconds
1780305497,3,14.000000,9.645054,4.000000,4.189152,11.000000,14.000000,14.000000,14.000000,14.000000,14.000000,0.011148,0.007874,0.252210,0.449457,calls/second,milliseconds
1780305498,3,14.000000,9.645054,4.000000,4.189152,11.000000,14.000000,14.000000,14.000000,14.000000,14.000000,0.011106,0.007245,0.248042,0.446967,calls/second,milliseconds
1780305499,3,14.000000,9.645054,4.000000,4.189152,11.000000,14.000000,14.000000,14.000000,14.000000,14.000000,0.011065,0.007245,0.248042,0.446967,calls/second,milliseconds
1780305500,3,14.000000,9.645054,4.000000,4.189152,11.000000,14.000000,14.000000,14.000000,14.000000,14.000000,0.011025,0.007245,0.248042,0.446967,calls/second,milliseconds
1780305501,3,14.000000,9.645054,4.000000,4.189152,11.000000,14.000000,14.000000,14.000000,14.000000,14.000000,0.010984,0.007245,0.248042,0.446967,calls/second,milliseconds
1780305502,3,14.000000,9.645054,4.000000,4.189152,11.000000,14.000000,14.000000,14.000000,14.000000,14.000000,0.010944,0.007245,0.248042,0.446967,calls/second,milliseconds
1780305503,3,14.000000,9.645054,4.000000,4.189152,11.000000,14.000000,14.000000,14.000000,14.000000,14.000000,0.010904,0.006665,0.243942,0.444491,calls/second,milliseconds
1780305504,3,14.000000,9.645054,4.000000,4.189152,11.000000,14.000000,14.000000,14.000000,14.000000,14.000000,0.010865,0.006665,0.243942,0.444491,calls/second,milliseconds
1780305505,3,14.000000,9.645054,4.000000,4.189152,11.000000,14.000000,14.000000,14.000000,14.000000,14.000000,0.010825,0.006665,0.243942,0.444491,calls/second,milliseconds
1780305506,3,14.000000,9.645054,4.000000,4.189152,11.000000,14.000000,14.000000,14.000000,14.000000,14.000000,0.010786,0.006665,0.243942,0.444491,calls/second,milliseconds
1780305507,3,14.000000,9.645054,4.000000,4.189152,11.000000,14.000000,14.000000,14.000000,14.000000,14.000000,0.010747,0.006665,0.243942,0.444491,calls/second,milliseconds
1780305508,3,14.000000,9.645054,4.000000,4.189152,11.000000,14.000000,14.000000,14.000000,14.000000,14.000000,0.010709,0.006132,0.239910,0.442028,calls/second,milliseconds
1780305509,3,14.000000,9.645054,4.000000,4.189152,11.000000,14.000000,14.000000,14.000000,14.000000,14.000000,0.010671,0.006132,0.239910,0.442028,calls/second,milliseconds
1780305510,3,14.000000,9.645054,4.000000,4.189152,11.000000,14.000000,14.000000,14.000000,14.000000,14.000000,0.010633,0.006132,0.239910,0.442028,calls/second,milliseconds
1780305511,3,14.000000,9.645054,4.000000,4.189152,11.000000,14.000000,14.000000,14.000000,14.000000,14.000000,0.010595,0.006132,0.239910,0.442028,calls/second,milliseconds
1780305512,3,14.000000,9.645054,4.000000,4.189152,11.000000,14.000000,14.000000,14.000000,14.000000,14.000000,0.010558,0.006132,0.239910,0.442028,calls/second,milliseconds
1780305513,3,14.000000,9.645054,4.000000,4.189152,11.000000,14.000000,14.000000,14.000000,14.000000,14.000000,0.010521,0.005642,0.235944,0.439579,calls/second,milliseconds
1780305514,3,14.000000,9.645054,4.000000,4.189152,11.000000,14.000000,14.000000,14.000000,14.000000,14.000000,0.010484,0.005642,0.235944,0.439579,calls/second,milliseconds
1780305515,3,14.000000,9.645054,4.000000,4.189152,11.000000,14.000000,14.000000,14.000000,14.000000,14.000000,0.010447,0.005642,0.235944,0.439579,calls/second,milliseconds
1780305516,3,14.000000,9.645054,4.000000,4.189152,11.000000,14.000000,14.000000,14.000000,14.000000,14.000000,0.010411,0.005642,0.235944,0.439579,calls/second,milliseconds
1780305517,3,14.000000,9.645054,4.000000,4.189152,11.000000,14.000000,14.000000,14.000000,14.000000,14.000000,0.010375,0.005642,0.235944,0.439579,calls/second,milliseconds
1780305518,3,14.000000,9.645054,4.000000,4.189152,11.000000,14.000000,14.000000,14.000000,14.000000,14.000000,0.010339,0.005191,0.232045,0.437144,calls/second,milliseconds
1780305519,3,14.000000,9.645054,4.000000,4.189152,11.000000,14.000000,14.000000,14.000000,14.000000,14.000000,0.010304,0.005191,0.232045,0.437144,calls/second,milliseconds
1780305520,3,14.000000,9.645054,4.000000,4.189152,11.000000,14.000000,14.000000,14.000000,14.000000,14.000000,0.010268,0.005191,0.232045,0.437144,calls/second,milliseconds
1780305521,3,14.000000,9.645054,4.000000,4.189152,11.000000,14.000000,14.000000,14.000000,14.000000,14.000000,0.010233,0.005191,0.232045,0.437144,calls/second,milliseconds
1780305522,3,14.000000,9.645054,4.000000,4.189152,11.000000,14.000000,14.000000,14.000000,14.000000,14.000000,0.010198,0.005191,0.232045,0.437144,calls/second,milliseconds
1780305523,3,14.000000,9.645054,4.000000,4.189152,11.000000,14.000000,14.000000,14.000000,14.000000,14.000000,0.010164,0.004776,0.228209,0.434722,calls/second,milliseconds
1780305524,3,14.000000,9.645054,4.000000,4.189152,11.000000,14.000000,14.000000,14.000000,14.000000,14.000000,0.010129,0.004776,0.228209,0.434722,calls/second,milliseconds
1780305525,3,14.000000,9.645054,4.000000,4.189152,11.000000,14.000000,14.000000,14.000000,14.000000,14.000000,0.010095,0.004776,0.228209,0.434722,calls/second,milliseconds
1780305526,3,14.000000,9.645054,4.000000,4.189152,11.000000,14.000000,14.000000,14.000000,14.000000,14.000000,0.010061,0.004776,0.228209,0.434722,calls/second,milliseconds
1780305527,3,14.000000,9.645054,4.000000,4.189152,11.000000,14.000000,14.000000,14.000000,14.000000,14.000000,0.010027,0.004776,0.228209,0.434722,calls/second,milliseconds
1780305528,3,14.000000,9.645054,4.000000,4.189152,11.000000,14.000000,14.000000,14.000000,14.000000,14.000000,0.009994,0.004394,0.224437,0.432314,calls/second,milliseconds
1780305529,3,14.000000,9.645054,4.000000,4.189152,11.000000,14.000000,14.000000,14.000000,14.000000,14.000000,0.009961,0.004394,0.224437,0.432314,calls/second,milliseconds
1780305530,3,14.000000,9.645054,4.000000,4.189152,11.000000,14.000000,14.000000,14.000000,14.000000,14.000000,0.009928,0.004394,0.224437,0.432314,calls/second,milliseconds
1780305531,3,14.000000,9.645054,4.000000,4.189152,11.000000,14.000000,14.000000,14.000000,14.000000,14.000000,0.009895,0.004394,0.224437,0.432314,calls/second,milliseconds
1780305532,3,14.000000,9.645054,4.000000,4.189152,11.000000,14.000000,14.000000,14.000000,14.000000,14.000000,0.009862,0.004394,0.224437,0.432314,calls/second,milliseconds
1780305533,3,14.000000,9.645054,4.000000,4.189152,11.000000,14.000000,14.000000,14.000000,14.000000,14.000000,0.009830,0.004043,0.220728,0.429919,calls/second,milliseconds
1780305534,3,14.000000,9.645054,4.000000,4.189152,11.000000,14.000000,14.000000,14.000000,14.000000,14.000000,0.009798,0.004043,0.220728,0.429919,calls/second,milliseconds
1780305535,3,14.000000,9.645054,4.000000,4.189152,11.000000,14.000000,14.000000,14.000000,14.000000,14.000000,0.009766,0.004043,0.220728,0.429919,calls/second,milliseconds
1780305536,3,14.000000,9.645054,4.000000,4.189152,11.000000,14.000000,14.000000,14.000000,14.000000,14.000000,0.009734,0.004043,0.220728,0.429919,calls/second,milliseconds
1780305537,3,14.000000,9.645054,4.000000,4.189152,11.000000,14.000000,14.000000,14.000000,14.000000,14.000000,0.009702,0.004043,0.220728,0.429919,calls/second,milliseconds
1780305538,3,14.000000,9.645054,4.000000,4.189152,11.000000,14.000000,14.000000,14.000000,14.000000,14.000000,0.009671,0.003720,0.217079,0.427537,calls/second,milliseconds
1780305539,3,14.000000,9.645054,4.000000,4.189152,11.000000,14.000000,14.000000,14.000000,14.000000,14.000000,0.009640,0.003720,0.217079,0.427537,calls/second,milliseconds
1780305540,3,14.000000,9.645054,4.000000,4.189152,11.000000,14.000000,14.000000,14.000000,14.000000,14.000000,0.009609,0.003720,0.217079,0.427537,calls/second,milliseconds
1780305541,3,14.000000,9.645054,4.000000,4.189152,11.000000,14.000000,14.000000,14.000000,14.000000,14.000000,0.009578,0.003720,0.217079,0.427537,calls/second,milliseconds
1780305542,3,14.000000,9.645054,4.000000,4.189152,11.000000,14.000000,14.000000,14.000000,14.000000,14.000000,0.009548,0.003720,0.217079,0.427537,calls/second,milliseconds
1780305543,3,14.000000,9.645054,4.000000,4.189152,11.000000,14.000000,14.000000,14.000000,14.000000,14.000000,0.009517,0.003422,0.213491,0.425168,calls/second,milliseconds
1780305544,3,14.000000,9.645054,4.000000,4.189152,11.000000,14.000000,14.000000,14.000000,14.000000,14.000000,0.009487,0.003422,0.213491,0.425168,calls/second,milliseconds
1780305545,3,14.000000,9.645054,4.000000,4.189152,11.000000,14.000000,14.000000,14.000000,14.000000,14.000000,0.009457,0.003422,0.213491,0.425168,calls/second,milliseconds
1780305546,3,14.000000,9.645054,4.000000,4.189152,11.000000,14.000000,14.000000,14.000000,14.000000,14.000000,0.009427,0.003422,0.213491,0.425168,calls/second,milliseconds
1780305547,3,14.000000,9.645054,4.000000,4.189152,11.000000,14.000000,14.000000,14.000000,14.000000,14.000000,0.009398,0.003422,0.213491,0.425168,calls/second,milliseconds
1780305548,3,14.000000,9.645054,4.000000,4.189152,11.000000,14.000000,14.000000,14.000000,14.000000,14.000000,0.009368,0.003149,0.209963,0.422813,calls/second,milliseconds
1780305549,3,14.000000,9.645054,4.000000,4.189152,11.000000,14.000000,14.000000,14.000000,14.000000,14.000000,0.009339,0.003149,0.209963,0.422813,calls/second,milliseconds
1780305550,3,14.000000,9.645054,4.000000,4.189152,11.000000,14.000000,14.000000,14.000000,14.000000,14.000000,0.009310,0.003149,0.209963,0.422813,calls/second,milliseconds
1780305551,3,14.000000,9.645054,4.000000,4.189152,11.000000,14.000000,14.000000,14.000000,14.000000,14.000000,0.009281,0.003149,0.209963,0.422813,calls/second,milliseconds
1780305552,3,14.000000,9.645054,4.000000,4.189152,11.000000,14.000000,14.000000,14.000000,14.000000,14.000000,0.009253,0.003149,0.209963,0.422813,calls/second,milliseconds
1780305553,3,14.000000,9.645054,4.000000,4.189152,11.000000,14.000000,14.000000,14.000000,14.000000,14.000000,0.009224,0.002897,0.206492,0.420470,calls/second,milliseconds
1780305554,3,14.000000,9.645054,4.000000,4.189152,11.000000,14.000000,14.000000,14.000000,14.000000,14.000000,0.009196,0.002897,0.206492,0.420470,calls/second,milliseconds
1780305555,3,14.000000,9.645054,4.000000,4.189152,11.000000,14.000000,14.000000,14.000000,14.000000,14.000000,0.009168,0.002897,0.206492,0.420470,calls/second,milliseconds
1780305556,3,14.000000,9.645054,4.000000,4.189152,11.000000,14.000000,14.000000,14.000000,14.000000,14.000000,0.009140,0.002897,0.206492,0.420470,calls/second,milliseconds
1780305557,3,14.000000,9.645054,4.000000,4.189152,11.000000,14.000000,14.000000,14.000000,14.000000,14.000000,0.009112,0.002897,0.206492,0.420470,calls/second,milliseconds
1780305558,3,14.000000,9.645054,4.000000,4.189152,11.000000,14.000000,14.000000,14.000000,14.000000,14.000000,0.009084,0.002665,0.203079,0.418141,calls/second,milliseconds
1780305559,3,14.000000,9.645054,4.000000,4.189152,11.000000,14.000000,14.000000,14.000000,14.000000,14.000000,0.009057,0.002665,0.203079,0.418141,calls/second,milliseconds
1780305560,3,14.000000,9.645054,4.000000,4.189152,11.000000,14.000000,14.000000,14.000000,14.000000,14.000000,0.009029,0.002665,0.203079,0.418141,calls/second,milliseconds
1780305561,3,14.000000,9.645054,4.000000,4.189152,11.000000,14.000000,14.000000,14.000000,14.000000,14.000000,0.009002,0.002665,0.203079,0.418141,calls/second,milliseconds
1780305562,3,14.000000,9.645054,4.000000,4.189152,11.000000,14.000000,14.000000,14.000000,14.000000,14.000000,0.008975,0.002665,0.203079,0.418141,calls/second,milliseconds
1780305563,3,14.000000,9.645054,4.000000,4.189152,11.000000,14.000000,14.000000,14.000000,14.000000,14.000000,0.008948,0.002452,0.199723,0.415824,calls/second,milliseconds
1780305564,3,14.000000,9.645054,4.000000,4.189152,11.000000,14.000000,14.000000,14.000000,14.000000,14.000000,0.008922,0.002452,0.199723,0.415824,calls/second,milliseconds
1780305565,3,14.000000,9.645054,4.000000,4.189152,11.000000,14.000000,14.000000,14.000000,14.000000,14.000000,0.008895,0.002452,0.199723,0.415824,calls/second,milliseconds
1780305566,3,14.000000,9.645054,4.000000,4.189152,11.000000,14.000000,14.000000,14.000000,14.000000,14.000000,0.008869,0.002452,0.199723,0.415824,calls/second,milliseconds
1780305567,3,14.000000,9.645054,4.000000,4.189152,11.000000,14.000000,14.000000,14.000000,14.000000,14.000000,0.008843,0.002452,0.199723,0.415824,calls/second,milliseconds
1780305568,3,14.000000,9.645054,4.000000,4.189152,11.000000,14.000000,14.000000,14.000000,14.000000,14.000000,0.008816,0.002256,0.196422,0.413521,calls/second,milliseconds
1780305569,3,14.000000,9.645054,4.000000,4.189152,11.000000,14.000000,14.000000,14.000000,14.000000,14.000000,0.008791,0.002256,0.196422,0.413521,calls/second,milliseconds
1780305570,3,14.000000,9.645054,4.000000,4.189152,11.000000,14.000000,14.000000,14.000000,14.000000,14.000000,0.008765,0.002256,0.196422,0.413521,calls/second,milliseconds
1780305571,3,14.000000,9.645054,4.000000,4.189152,11.000000,14.000000,14.000000,14.000000,14.000000,14.000000,0.008739,0.002256,0.196422,0.413521,calls/second,milliseconds
1780305572,3,14.000000,9.645054,4.000000,4.189152,11.000000,14.000000,14.000000,14.000000,14.000000,14.000000,0.008714,0.002256,0.196422,0.413521,calls/second,milliseconds
1780305573,3,14.000000,9.645054,4.000000,4.189152,11.000000,14.000000,14.000000,14.000000,14.000000,14.000000,0.008688,0.002076,0.193175,0.411230,calls/second,milliseconds
1780305574,3,14.000000,9.645054,4.000000,4.189152,11.000000,14.000000,14.000000,14.000000,14.000000,14.000000,0.008663,0.002076,0.193175,0.411230,calls/second,milliseconds
1780305575,3,14.000000,9.645054,4.000000,4.189152,11.000000,14.000000,14.000000,14.000000,14.000000,14.000000,0.008638,0.002076,0.193175,0.411230,calls/second,milliseconds
1780305576,3,14.000000,9.645054,4.000000,4.189152,11.000000,14.000000,14.000000,14.000000,14.000000,14.000000,0.008613,0.002076,0.193175,0.411230,calls/second,milliseconds
1780305577,3,14.000000,9.645054,4.000000,4.189152,11.000000,14.000000,14.000000,14.000000,14.000000,14.000000,0.008589,0.002076,0.193175,0.411230,calls/second,milliseconds
1780305578,3,14.000000,9.645054,4.000000,4.189152,11.000000,14.000000,14.000000,14.000000,14.000000,14.000000,0.008564,0.001910,0.189982,0.408951,calls/second,milliseconds
1780305579,3,14.000000,9.645054,4.000000,4.189152,11.000000,14.000000,14.000000,14.000000,14.000000,14.000000,0.008540,0.001910,0.189982,0.408951,calls/second,milliseconds
1780305580,3,14.000000,9.645054,4.000000,4.189152,11.000000,14.000000,14.000000,14.000000,14.000000,14.000000,0.008515,0.001910,0.189982,0.408951,calls/second,milliseconds
1780305581,3,14.000000,9.645054,4.000000,4.189152,11.000000,14.000000,14.000000,14.000000,14.000000,14.000000,0.008491,0.001910,0.189982,0.408951,calls/second,milliseconds
1780305582,3,14.000000,9.645054,4.000000,4.189152,11.000000,14.000000,14.000000,14.000000,14.000000,14.000000,0.008467,0.001910,0.189982,0.408951,calls/second,milliseconds
1780305583,3,14.000000,9.645054,4.000000,4.189152,11.000000,14.000000,14.000000,14.000000,14.000000,14.000000,0.008443,0.001757,0.186842,0.406686,calls/second,milliseconds
1780305584,3,14.000000,9.645054,4.000000,4.189152,11.000000,14.000000,14.000000,14.000000,14.000000,14.000000,0.008420,0.001757,0.186842,0.406686,calls/second,milliseconds
1780305585,3,14.000000,9.645054,4.000000,4.189152,11.000000,14.000000,14.000000,14.000000,14.000000,14.000000,0.008396,0.001757,0.186842,0.406686,calls/second,milliseconds
1780305586,3,14.000000,9.645054,4.000000,4.189152,11.000000,14.000000,14.000000,14.000000,14.000000,14.000000,0.008373,0.001757,0.186842,0.406686,calls/second,milliseconds
1780305587,3,14.000000,9.645054,4.000000,4.189152,11.000000,14.000000,14.000000,14.000000,14.000000,14.000000,0.008349,0.001757,0.186842,0.406686,calls/second,milliseconds
1780305588,3,14.000000,9.645054,4.000000,4.189152,11.000000,14.000000,14.000000,14.000000,14.000000,14.000000,0.008326,0.001616,0.183754,0.404433,calls/second,milliseconds
1780305589,3,14.000000,9.645054,4.000000,4.189152,11.000000,14.000000,14.000000,14.000000,14.000000,14.000000,0.008303,0.001616,0.183754,0.404433,calls/second,milliseconds
1780305590,3,14.000000,9.645054,4.000000,4.189152,11.000000,14.000000,14.000000,14.000000,14.000000,14.000000,0.008280,0.001616,0.183754,0.404433,calls/second,milliseconds
1780305591,3,14.000000,9.645054,4.000000,4.189152,11.000000,14.000000,14.000000,14.000000,14.000000,14.000000,0.008257,0.001616,0.183754,0.404433,calls/second,milliseconds
1780305592,3,14.000000,9.645054,4.000000,4.189152,11.000000,14.000000,14.000000,14.000000,14.000000,14.000000,0.008234,0.001616,0.183754,0.404433,calls/second,milliseconds
1780305593,3,14.000000,9.645054,4.000000,4.189152,11.000000,14.000000,14.000000,14.000000,14.000000,14.000000,0.008211,0.001487,0.180717,0.402192,calls/second,milliseconds
1780305594,3,14.000000,9.645054,4.000000,4.189152,11.000000,14.000000,14.000000,14.000000,14.000000,14.000000,0.008189,0.001487,0.180717,0.402192,calls/second,milliseconds
1780305595,3,14.000000,9.645054,4.000000,4.189152,11.000000,14.000000,14.000000,14.000000,14.000000,14.000000,0.008167,0.001487,0.180717,0.402192,calls/second,milliseconds
1780305596,3,14.000000,9.645054,4.000000,4.189152,11.000000,14.000000,14.000000,14.000000,14.000000,14.000000,0.008144,0.001487,0.180717,0.402192,calls/second,milliseconds
1780305597,3,14.000000,9.645054,4.000000,4.189152,11.000000,14.000000,14.000000,14.000000,14.000000,14.000000,0.008122,0.001487,0.180717,0.402192,calls/second,milliseconds
1780305598,3,14.000000,9.645054,4.000000,4.189152,11.000000,14.000000,14.000000,14.000000,14.000000,14.000000,0.008100,0.001368,0.177730,0.399964,calls/second,milliseconds
1780305599,3,14.000000,9.645054,4.000000,4.189152,11.000000,14.000000,14.000000,14.000000,14.000000,14.000000,0.008079,0.001368,0.177730,0.399964,calls/second,milliseconds
1780305600,3,14.000000,9.645054,4.000000,4.189152,11.000000,14.000000,14.000000,14.000000,14.000000,14.000000,0.008057,0.001368,0.177730,0.399964,calls/second,milliseconds
1780305601,3,14.000000,9.645054,4.000000,4.189152,11.000000,14.000000,14.000000,14.000000,14.000000,14.000000,0.008035,0.001368,0.177730,0.399964,calls/second,milliseconds
1780305602,3,14.000000,9.645054,4.000000,4.189152,11.000000,14.000000,14.000000,14.000000,14.000000,14.000000,0.008014,0.001368,0.177730,0.399964,calls/second,milliseconds
1780305603,3,14.000000,9.645054,4.000000,4.189152,11.000000,14.000000,14.000000,14.000000,14.000000,14.000000,0.007992,0.001259,0.174792,0.397748,calls/second,milliseconds
1780305604,3,14.000000,9.645054,4.000000,4.189152,11.000000,14.000000,14.000000,14.000000,14.000000,14.000000,0.007971,0.001259,0.174792,0.397748,calls/second,milliseconds
1780305605,3,14.000000,9.645054,4.000000,4.189152,11.000000,14.000000,14.000000,14.000000,14.000000,14.000000,0.007950,0.001259,0.174792,0.397748,calls/second,milliseconds
1780305606,3,14.000000,9.645054,4.000000,4.189152,11.000000,14.000000,14.000000,14.000000,14.000000,14.000000,0.007929,0.001259,0.174792,0.397748,calls/second,milliseconds
1780305607,3,14.000000,9.645054,4.000000,4.189152,11.000000,14.000000,14.000000,14.000000,14.000000,14.000000,0.007908,0.001259,0.174792,0.397748,calls/second,milliseconds
1780305608,3,14.000000,9.645054,4.000000,4.189152,11.000000,14.000000,14.000000,14.000000,14.000000,14.000000,0.007887,0.001158,0.171903,0.395544,calls/second,milliseconds
1780305609,3,14.000000,9.645054,4.000000,4.189152,11.000000,14.000000,14.000000,14.000000,14.000000,14.000000,0.007866,0.001158,0.171903,0.395544,calls/second,milliseconds
1780305610,3,14.000000,9.645054,4.000000,4.189152,11.000000,14.000000,14.000000,14.000000,14.000000,14.000000,0.007846,0.001158,0.171903,0.395544,calls/second,milliseconds
1780305611,3,14.000000,9.645054,4.000000,4.189152,11.000000,14.000000,14.000000,14.000000,14.000000,14.000000,0.007825,0.001158,0.171903,0.395544,calls/second,milliseconds
1780305612,3,14.000000,9.645054,4.000000,4.189152,11.000000,14.000000,14.000000,14.000000,14.000000,14.000000,0.007805,0.001158,0.171903,0.395544,calls/second,milliseconds
1780305613,3,14.000000,9.645054,4.000000,4.189152,11.000000,14.000000,14.000000,14.000000,14.000000,14.000000,0.007784,0.001066,0.169062,0.393353,calls/second,milliseconds
1780305614,3,14.000000,9.645054,4.000000,4.189152,11.000000,14.000000,14.000000,14.000000,14.000000,14.000000,0.007764,0.001066,0.169062,0.393353,calls/second,milliseconds
1780305615,3,14.000000,9.645054,4.000000,4.189152,11.000000,14.000000,14.000000,14.000000,14.000000,14.000000,0.007744,0.001066,0.169062,0.393353,calls/second,milliseconds
1780305616,3,14.000000,9.645054,4.000000,4.189152,11.000000,14.000000,14.000000,14.000000,14.000000,14.000000,0.007724,0.001066,0.169062,0.393353,calls/second,milliseconds
1780305617,3,14.000000,9.645054,4.000000,4.189152,11.000000,14.000000,14.000000,14.000000,14.000000,14.000000,0.007704,0.001066,0.169062,0.393353,calls/second,milliseconds
1780305618,3,14.000000,9.645054,4.000000,4.189152,11.000000,14.000000,14.000000,14.000000,14.000000,14.000000,0.007685,0.000980,0.166267,0.391174,calls/second,milliseconds
1780305619,3,14.000000,9.645054,4.000000,4.189152,11.000000,14.000000,14.000000,14.000000,14.000000,14.000000,0.007665,0.000980,0.166267,0.391174,calls/second,milliseconds
1780305620,3,14.000000,9.645054,4.000000,4.189152,11.000000,14.000000,14.000000,14.000000,14.000000,14.000000,0.007645,0.000980,0.166267,0.391174,calls/second,milliseconds
1780305621,3,14.000000,9.645054,4.000000,4.189152,11.000000,14.000000,14.000000,14.000000,14.000000,14.000000,0.007626,0.000980,0.166267,0.391174,calls/second,milliseconds
1780305622,3,14.000000,9.645054,4.000000,4.189152,11.000000,14.000000,14.000000,14.000000,14.000000,14.000000,0.007606,0.000980,0.166267,0.391174,calls/second,milliseconds
1780305623,3,14.000000,9.645054,4.000000,4.189152,11.000000,14.000000,14.000000,14.000000,14.000000,14.000000,0.007587,0.000902,0.163519,0.389007,calls/second,milliseconds
1780305624,3,14.000000,9.645054,4.000000,4.189152,11.000000,14.000000,14.000000,14.000000,14.000000,14.000000,0.007568,0.000902,0.163519,0.389007,calls/second,milliseconds
1780305625,3,14.000000,9.645054,4.000000,4.189152,11.000000,14.000000,14.000000,14.000000,14.000000,14.000000,0.007549,0.000902,0.163519,0.389007,calls/second,milliseconds
1780305626,3,14.000000,9.645054,4.000000,4.189152,11.000000,14.000000,14.000000,14.000000,14.000000,14.000000,0.007530,0.000902,0.163519,0.389007,calls/second,milliseconds
1780305627,3,14.000000,9.645054,4.000000,4.189152,11.000000,14.000000,14.000000,14.000000,14.000000,14.000000,0.007511,0.000902,0.163519,0.389007,calls/second,milliseconds
1780305628,3,14.000000,9.645054,4.000000,4.189152,11.000000,14.000000,14.000000,14.000000,14.000000,14.000000,0.007492,0.000830,0.160816,0.386851,calls/second,milliseconds
1780305629,3,14.000000,9.645054,4.000000,4.189152,11.000000,14.000000,14.000000,14.000000,14.000000,14.000000,0.007474,0.000830,0.160816,0.386851,calls/second,milliseconds
1780305630,3,14.000000,9.645054,4.000000,4.189152,11.000000,14.000000,14.000000,14.000000,14.000000,14.000000,0.007455,0.000830,0.160816,0.386851,calls/second,milliseconds
1780305631,3,14.000000,9.645054,4.000000,4.189152,11.000000,14.000000,14.000000,14.000000,14.000000,14.000000,0.007436,0.000830,0.160816,0.386851,calls/second,milliseconds
1780305632,3,14.000000,9.645054,4.000000,4.189152,11.000000,14.000000,14.000000,14.000000,14.000000,14.000000,0.007418,0.000830,0.160816,0.386851,calls/second,milliseconds
1780305633,3,14.000000,9.645054,4.000000,4.189152,11.000000,14.000000,14.000000,14.000000,14.000000,14.000000,0.007400,0.000764,0.158158,0.384708,calls/second,milliseconds
1780305634,3,14.000000,9.645054,4.000000,4.189152,11.000000,14.000000,14.000000,14.000000,14.000000,14.000000,0.007381,0.000764,0.158158,0.384708,calls/second,milliseconds
1780305635,3,14.000000,9.645054,4.000000,4.189152,11.000000,14.000000,14.000000,14.000000,14.000000,14.000000,0.007363,0.000764,0.158158,0.384708,calls/second,milliseconds
1780305636,3,14.000000,9.645054,4.000000,4.189152,11.000000,14.000000,14.000000,14.000000,14.000000,14.000000,0.007345,0.000764,0.158158,0.384708,calls/second,milliseconds
1780305637,3,14.000000,9.645054,4.000000,4.189152,11.000000,14.000000,14.000000,14.000000,14.000000,14.000000,0.007327,0.000764,0.158158,0.384708,calls/second,milliseconds
1780305638,3,14.000000,9.645054,4.000000,4.189152,11.000000,14.000000,14.000000,14.000000,14.000000,14.000000,0.007309,0.000703,0.155544,0.382577,calls/second,milliseconds
1780305639,3,14.000000,9.645054,4.000000,4.189152,11.000000,14.000000,14.000000,14.000000,14.000000,14.000000,0.007291,0.000703,0.155544,0.382577,calls/second,milliseconds
1780305640,3,14.000000,9.645054,4.000000,4.189152,11.000000,14.000000,14.000000,14.000000,14.000000,14.000000,0.007274,0.000703,0.155544,0.382577,calls/second,milliseconds
1780305641,3,14.000000,9.645054,4.000000,4.189152,11.000000,14.000000,14.000000,14.000000,14.000000,14.000000,0.007256,0.000703,0.155544,0.382577,calls/second,milliseconds
1780305642,3,14.000000,9.645054,4.000000,4.189152,11.000000,14.000000,14.000000,14.000000,14.000000,14.000000,0.007239,0.000703,0.155544,0.382577,calls/second,milliseconds
1780305643,3,14.000000,9.645054,4.000000,4.189152,11.000000,14.000000,14.000000,14.000000,14.000000,14.000000,0.007221,0.000646,0.152973,0.380457,calls/second,milliseconds
1780305644,3,14.000000,9.645054,4.000000,4.189152,11.000000,14.000000,14.000000,14.000000,14.000000,14.000000,0.007204,0.000646,0.152973,0.380457,calls/second,milliseconds
1780305645,3,14.000000,9.645054,4.000000,4.189152,11.000000,14.000000,14.000000,14.000000,14.000000,14.000000,0.007186,0.000646,0.152973,0.380457,calls/second,milliseconds
1780305646,3,14.000000,9.645054,4.000000,4.189152,11.000000,14.000000,14.000000,14.000000,14.000000,14.000000,0.007169,0.000646,0.152973,0.380457,calls/second,milliseconds
1780305647,3,14.000000,9.645054,4.000000,4.189152,11.000000,14.000000,14.000000,14.000000,14.000000,14.000000,0.007152,0.000646,0.152973,0.380457,calls/second,milliseconds
1780305648,3,14.000000,9.645054,4.000000,4.189152,11.000000,14.000000,14.000000,14.000000,14.000000,14.000000,0.007135,0.000595,0.150445,0.378350,calls/second,milliseconds
1780305649,3,14.000000,9.645054,4.000000,4.189152,11.000000,14.000000,14.000000,14.000000,14.000000,14.000000,0.007118,0.000595,0.150445,0.378350,calls/second,milliseconds
1780305650,3,14.000000,9.645054,4.000000,4.189152,11.000000,14.000000,14.000000,14.000000,14.000000,14.000000,0.007101,0.000595,0.150445,0.378350,calls/second,milliseconds
1780305651,3,14.000000,9.645054,4.000000,4.189152,11.000000,14.000000,14.000000,14.000000,14.000000,14.000000,0.007084,0.000595,0.150445,0.378350,calls/second,milliseconds
1780305652,3,14.000000,9.645054,4.000000,4.189152,11.000000,14.000000,14.000000,14.000000,14.000000,14.000000,0.007068,0.000595,0.150445,0.378350,calls/second,milliseconds
1780305653,3,14.000000,9.645054,4.000000,4.189152,11.000000,14.000000,14.000000,14.000000,14.000000,14.000000,0.007051,0.000547,0.147958,0.376253,calls/second,milliseconds
1780305654,3,14.000000,9.645054,4.000000,4.189152,11.000000,14.000000,14.000000,14.000000,14.000000,14.000000,0.007035,0.000547,0.147958,0.376253,calls/second,milliseconds
1780305655,3,14.000000,9.645054,4.000000,4.189152,11.000000,14.000000,14.000000,14.000000,14.000000,14.000000,0.007018,0.000547,0.147958,0.376253,calls/second,milliseconds
1780305656,3,14.000000,9.645054,4.000000,4.189152,11.000000,14.000000,14.000000,14.000000,14.000000,14.000000,0.007002,0.000547,0.147958,0.376253,calls/second,milliseconds
1780305657,3,14.000000,9.645054,4.000000,4.189152,11.000000,14.000000,14.000000,14.000000,14.000000,14.000000,0.006985,0.000547,0.147958,0.376253,calls/second,milliseconds
1780305658,3,14.000000,9.645054,4.000000,4.189152,11.000000,14.000000,14.000000,14.000000,14.000000,14.000000,0.006969,0.000503,0.145513,0.374169,calls/second,milliseconds
1780305659,3,14.000000,9.645054,4.000000,4.189152,11.000000,14.000000,14.000000,14.000000,14.000000,14.000000,0.006953,0.000503,0.145513,0.374169,calls/second,milliseconds
1780305660,3,14.000000,9.645054,4.000000,4.189152,11.000000,14.000000,14.000000,14.000000,14.000000,14.000000,0.006937,0.000503,0.145513,0.374169,calls/second,milliseconds
1780305661,3,14.000000,9.645054,4.000000,4.189152,11.000000,14.000000,14.000000,14.000000,14.000000,14.000000,0.006921,0.000503,0.145513,0.374169,calls/second,milliseconds
1780305662,3,14.000000,9.645054,4.000000,4.189152,11.000000,14.000000,14.000000,14.000000,14.000000,14.000000,0.006905,0.000503,0.145513,0.374169,calls/second,milliseconds
1780305663,3,14.000000,9.645054,4.000000,4.189152,11.000000,14.000000,14.000000,14.000000,14.000000,14.000000,0.006889,0.000463,0.143108,0.372096,calls/second,milliseconds
1780305664,3,14.000000,9.645054,4.000000,4.189152,11.000000,14.000000,14.000000,14.000000,14.000000,14.000000,0.006873,0.000463,0.143108,0.372096,calls/second,milliseconds
1780305665,3,14.000000,9.645054,4.000000,4.189152,11.000000,14.000000,14.000000,14.000000,14.000000,14.000000,0.006857,0.000463,0.143108,0.372096,calls/second,milliseconds
1780305666,3,14.000000,9.645054,4.000000,4.189152,11.000000,14.000000,14.000000,14.000000,14.000000,14.000000,0.006842,0.000463,0.143108,0.372096,calls/second,milliseconds
1780305667,3,14.000000,9.645054,4.000000,4.189152,11.000000,14.000000,14.000000,14.000000,14.000000,14.000000,0.006826,0.000463,0.143108,0.372096,calls/second,milliseconds
1780305668,3,14.000000,9.645054,4.000000,4.189152,11.000000,14.000000,14.000000,14.000000,14.000000,14.000000,0.006810,0.000426,0.140742,0.370035,calls/second,milliseconds
1780305669,3,14.000000,9.645054,4.000000,4.189152,11.000000,14.000000,14.000000,14.000000,14.000000,14.000000,0.006795,0.000426,0.140742,0.370035,calls/second,milliseconds
1780305670,3,14.000000,9.645054,4.000000,4.189152,11.000000,14.000000,14.000000,14.000000,14.000000,14.000000,0.006780,0.000426,0.140742,0.370035,calls/second,milliseconds
1780305671,3,14.000000,9.645054,4.000000,4.189152,11.000000,14.000000,14.000000,14.000000,14.000000,14.000000,0.006764,0.000426,0.140742,0.370035,calls/second,milliseconds
1780305672,3,14.000000,9.645054,4.000000,4.189152,11.000000,14.000000,14.000000,14.000000,14.000000,14.000000,0.006749,0.000426,0.140742,0.370035,calls/second,milliseconds
1780305673,3,14.000000,9.645054,4.000000,4.189152,11.000000,14.000000,14.000000,14.000000,14.000000,14.000000,0.006734,0.000392,0.138416,0.367984,calls/second,milliseconds
1780305674,3,14.000000,9.645054,4.000000,4.189152,11.000000,14.000000,14.000000,14.000000,14.000000,14.000000,0.006719,0.000392,0.138416,0.367984,calls/second,milliseconds
1780305675,3,14.000000,9.645054,4.000000,4.189152,11.000000,14.000000,14.000000,14.000000,14.000000,14.000000,0.006704,0.000392,0.138416,0.367984,calls/second,milliseconds
1780305676,3,14.000000,9.645054,4.000000,4.189152,11.000000,14.000000,14.000000,14.000000,14.000000,14.000000,0.006689,0.000392,0.138416,0.367984,calls/second,milliseconds
1780305677,3,14.000000,9.645054,4.000000,4.189152,11.000000,14.000000,14.000000,14.000000,14.000000,14.000000,0.006674,0.000392,0.138416,0.367984,calls/second,milliseconds
1780305678,3,14.000000,9.645054,4.000000,4.189152,11.000000,14.000000,14.000000,14.000000,14.000000,14.000000,0.006659,0.000361,0.136128,0.365946,calls/second,milliseconds
1780305679,3,14.000000,9.645054,4.000000,4.189152,11.000000,14.000000,14.000000,14.000000,14.000000,14.000000,0.006644,0.000361,0.136128,0.365946,calls/second,milliseconds
1780305680,3,14.000000,9.645054,4.000000,4.189152,11.000000,14.000000,14.000000,14.000000,14.000000,14.000000,0.006630,0.000361,0.136128,0.365946,calls/second,milliseconds
1780305681,3,14.000000,9.645054,4.000000,4.189152,11.000000,14.000000,14.000000,14.000000,14.000000,14.000000,0.006615,0.000361,0.136128,0.365946,calls/second,milliseconds
1780305682,3,14.000000,9.645054,4.000000,4.189152,11.000000,14.000000,14.000000,14.000000,14.000000,14.000000,0.006600,0.000361,0.136128,0.365946,calls/second,milliseconds
1780305683,3,14.000000,9.645054,4.000000,4.189152,11.000000,14.000000,14.000000,14.000000,14.000000,14.000000,0.006586,0.000332,0.133878,0.363918,calls/second,milliseconds
1780305684,3,14.000000,9.645054,4.000000,4.189152,11.000000,14.000000,14.000000,14.000000,14.000000,14.000000,0.006571,0.000332,0.133878,0.363918,calls/second,milliseconds
1780305685,3,14.000000,9.645054,4.000000,4.189152,11.000000,14.000000,14.000000,14.000000,14.000000,14.000000,0.006557,0.000332,0.133878,0.363918,calls/second,milliseconds
1780305686,3,14.000000,9.645054,4.000000,4.189152,11.000000,14.000000,14.000000,14.000000,14.000000,14.000000,0.006543,0.000332,0.133878,0.363918,calls/second,milliseconds
1780305687,3,14.000000,9.645054,4.000000,4.189152,11.000000,14.000000,14.000000,14.000000,14.000000,14.000000,0.006528,0.000332,0.133878,0.363918,calls/second,milliseconds
1780305688,3,14.000000,9.645054,4.000000,4.189152,11.000000,14.000000,14.000000,14.000000,14.000000,14.000000,0.006514,0.000305,0.131665,0.361902,calls/second,milliseconds
1780305689,3,14.000000,9.645054,4.000000,4.189152,11.000000,14.000000,14.000000,14.000000,14.000000,14.000000,0.006500,0.000305,0.131665,0.361902,calls/second,milliseconds
1780305690,3,14.000000,9.645054,4.000000,4.189152,11.000000,14.000000,14.000000,14.000000,14.000000,14.000000,0.006486,0.000305,0.131665,0.361902,calls/second,milliseconds
1780305691,3,14.000000,9.645054,4.000000,4.189152,11.000000,14.000000,14.000000,14.000000,14.000000,14.000000,0.006472,0.000305,0.131665,0.361902,calls/second,milliseconds
1780305692,3,14.000000,9.645054,4.000000,4.189152,11.000000,14.000000,14.000000,14.000000,14.000000,14.000000,0.006458,0.000305,0.131665,0.361902,calls/second,milliseconds
1780305693,3,14.000000,9.645054,4.000000,4.189152,11.000000,14.000000,14.000000,14.000000,14.000000,14.000000,0.006444,0.000281,0.129489,0.359897,calls/second,milliseconds
1780305694,3,14.000000,9.645054,4.000000,4.189152,11.000000,14.000000,14.000000,14.000000,14.000000,14.000000,0.006430,0.000281,0.129489,0.359897,calls/second,milliseconds
1780305695,3,14.000000,9.645054,4.000000,4.189152,11.000000,14.000000,14.000000,14.000000,14.000000,14.000000,0.006416,0.000281,0.129489,0.359897,calls/second,milliseconds
1780305696,3,14.000000,9.645054,4.000000,4.189152,11.000000,14.000000,14.000000,14.000000,14.000000,14.000000,0.006403,0.000281,0.129489,0.359897,calls/second,milliseconds
1780305697,3,14.000000,9.645054,4.000000,4.189152,11.000000,14.000000,14.000000,14.000000,14.000000,14.000000,0.006389,0.000281,0.129489,0.359897,calls/second,milliseconds
1780305698,3,14.000000,9.645054,4.000000,4.189152,11.000000,14.000000,14.000000,14.000000,14.000000,14.000000,0.006375,0.000258,0.127349,0.357903,calls/second,milliseconds
1780305699,3,14.000000,9.645054,4.000000,4.189152,11.000000,14.000000,14.000000,14.000000,14.000000,14.000000,0.006362,0.000258,0.127349,0.357903,calls/second,milliseconds
1780305700,3,14.000000,9.645054,4.000000,4.189152,11.000000,14.000000,14.000000,14.000000,14.000000,14.000000,0.006348,0.000258,0.127349,0.357903,calls/second,milliseconds
1780305701,3,14.000000,9.645054,4.000000,4.189152,11.000000,14.000000,14.000000,14.000000,14.000000,14.000000,0.006335,0.000258,0.127349,0.357903,calls/second,milliseconds
1780305702,3,14.000000,9.645054,4.000000,4.189152,11.000000,14.000000,14.000000,14.000000,14.000000,14.000000,0.006321,0.000258,0.127349,0.357903,calls/second,milliseconds
1780305703,3,14.000000,9.645054,4.000000,4.189152,11.000000,14.000000,14.000000,14.000000,14.000000,14.000000,0.006308,0.000238,0.125244,0.355921,calls/second,milliseconds
1780305704,3,14.000000,9.645054,4.000000,4.189152,11.000000,14.000000,14.000000,14.000000,14.000000,14.000000,0.006295,0.000238,0.125244,0.355921,calls/second,milliseconds
1780305705,3,14.000000,9.645054,4.000000,4.189152,11.000000,14.000000,14.000000,14.000000,14.000000,14.000000,0.006282,0.000238,0.125244,0.355921,calls/second,milliseconds
1780305706,3,14.000000,9.645054,4.000000,4.189152,11.000000,14.000000,14.000000,14.000000,14.000000,14.000000,0.006268,0.000238,0.125244,0.355921,calls/second,milliseconds
1780305707,3,14.000000,9.645054,4.000000,4.189152,11.000000,14.000000,14.000000,14.000000,14.000000,14.000000,0.006255,0.000238,0.125244,0.355921,calls/second,milliseconds
1780305708,3,14.000000,9.645054,4.000000,4.189152,11.000000,14.000000,14.000000,14.000000,14.000000,14.000000,0.006242,0.000219,0.123174,0.353949,calls/second,milliseconds
1780305709,3,14.000000,9.645054,4.000000,4.189152,11.000000,14.000000,14.000000,14.000000,14.000000,14.000000,0.006229,0.000219,0.123174,0.353949,calls/second,milliseconds
1780305710,3,14.000000,9.645054,4.000000,4.189152,11.000000,14.000000,14.000000,14.000000,14.000000,14.000000,0.006216,0.000219,0.123174,0.353949,calls/second,milliseconds
1780305711,3,14.000000,9.645054,4.000000,4.189152,11.000000,14.000000,14.000000,14.000000,14.000000,14.000000,0.006204,0.000219,0.123174,0.353949,calls/second,milliseconds
1780305712,3,14.000000,9.645054,4.000000,4.189152,11.000000,14.000000,14.000000,14.000000,14.000000,14.000000,0.006191,0.000219,0.123174,0.353949,calls/second,milliseconds
1780305713,3,14.000000,9.645054,4.000000,4.189152,11.000000,14.000000,14.000000,14.000000,14.000000,14.000000,0.006178,0.000201,0.121138,0.351988,calls/second,milliseconds
1780305714,3,14.000000,9.645054,4.000000,4.189152,11.000000,14.000000,14.000000,14.000000,14.000000,14.000000,0.006165,0.000201,0.121138,0.351988,calls/second,milliseconds
1780305715,3,14.000000,9.645054,4.000000,4.189152,11.000000,14.000000,14.000000,14.000000,14.000000,14.000000,0.006153,0.000201,0.121138,0.351988,calls/second,milliseconds
1780305716,3,14.000000,9.645054,4.000000,4.189152,11.000000,14.000000,14.000000,14.000000,14.000000,14.000000,0.006140,0.000201,0.121138,0.351988,calls/second,milliseconds
1780305717,3,14.000000,9.645054,4.000000,4.189152,11.000000,14.000000,14.000000,14.000000,14.000000,14.000000,0.006127,0.000201,0.121138,0.351988,calls/second,milliseconds
1780305718,3,14.000000,9.645054,4.000000,4.189152,11.000000,14.000000,14.000000,14.000000,14.000000,14.000000,0.006115,0.000185,0.119136,0.350038,calls/second,milliseconds
1780305719,3,14.000000,9.645054,4.000000,4.189152,11.000000,14.000000,14.000000,14.000000,14.000000,14.000000,0.006102,0.000185,0.119136,0.350038,calls/second,milliseconds
1780305720,3,14.000000,9.645054,4.000000,4.189152,11.000000,14.000000,14.000000,14.000000,14.000000,14.000000,0.006090,0.000185,0.119136,0.350038,calls/second,milliseconds
1780305721,3,14.000000,9.645054,4.000000,4.189152,11.000000,14.000000,14.000000,14.000000,14.000000,14.000000,0.006078,0.000185,0.119136,0.350038,calls/second,milliseconds
1780305722,3,14.000000,9.645054,4.000000,4.189152,11.000000,14.000000,14.000000,14.000000,14.000000,14.000000,0.006065,0.000185,0.119136,0.350038,calls/second,milliseconds
1780305723,3,14.000000,9.645054,4.000000,4.189152,11.000000,14.000000,14.000000,14.000000,14.000000,14.000000,0.006053,0.000170,0.117167,0.348098,calls/second,milliseconds
1780305724,3,14.000000,9.645054,4.000000,4.189152,11.000000,14.000000,14.000000,14.000000,14.000000,14.000000,0.006041,0.000170,0.117167,0.348098,calls/second,milliseconds
1780305725,3,14.000000,9.645054,4.000000,4.189152,11.000000,14.000000,14.000000,14.000000,14.000000,14.000000,0.006029,0.000170,0.117167,0.348098,calls/second,milliseconds
1780305726,3,14.000000,9.645054,4.000000,4.189152,11.000000,14.000000,14.000000,14.000000,14.000000,14.000000,0.006017,0.000170,0.117167,0.348098,calls/second,milliseconds
1780305727,3,14.000000,9.645054,4.000000,4.189152,11.000000,14.000000,14.000000,14.000000,14.000000,14.000000,0.006004,0.000170,0.117167,0.348098,calls/second,milliseconds
1780305728,3,14.000000,9.645054,4.000000,4.189152,11.000000,14.000000,14.000000,14.000000,14.000000,14.000000,0.005992,0.000157,0.115230,0.346170,calls/second,milliseconds
1780305729,3,14.000000,9.645054,4.000000,4.189152,11.000000,14.000000,14.000000,14.000000,14.000000,14.000000,0.005980,0.000157,0.115230,0.346170,calls/second,milliseconds
1780305730,3,14.000000,9.645054,4.000000,4.189152,11.000000,14.000000,14.000000,14.000000,14.000000,14.000000,0.005969,0.000157,0.115230,0.346170,calls/second,milliseconds
1780305731,3,14.000000,9.645054,4.000000,4.189152,11.000000,14.000000,14.000000,14.000000,14.000000,14.000000,0.005957,0.000157,0.115230,0.346170,calls/second,milliseconds
1780305732,3,14.000000,9.645054,4.000000,4.189152,11.000000,14.000000,14.000000,14.000000,14.000000,14.000000,0.005945,0.000157,0.115230,0.346170,calls/second,milliseconds
1780305733,3,14.000000,9.645054,4.000000,4.189152,11.000000,14.000000,14.000000,14.000000,14.000000,14.000000,0.005933,0.000144,0.113325,0.344252,calls/second,milliseconds
1780305734,3,14.000000,9.645054,4.000000,4.189152,11.000000,14.000000,14.000000,14.000000,14.000000,14.000000,0.005921,0.000144,0.113325,0.344252,calls/second,milliseconds
1780305735,3,14.000000,9.645054,4.000000,4.189152,11.000000,14.000000,14.000000,14.000000,14.000000,14.000000,0.005910,0.000144,0.113325,0.344252,calls/second,milliseconds
1780305736,3,14.000000,9.645054,4.000000,4.189152,11.000000,14.000000,14.000000,14.000000,14.000000,14.000000,0.005898,0.000144,0.113325,0.344252,calls/second,milliseconds
1780305737,3,14.000000,9.645054,4.000000,4.189152,11.000000,14.000000,14.000000,14.000000,14.000000,14.000000,0.005886,0.000144,0.113325,0.344252,calls/second,milliseconds
1780305738,3,14.000000,9.645054,4.000000,4.189152,11.000000,14.000000,14.000000,14.000000,14.000000,14.000000,0.005875,0.000133,0.111452,0.342345,calls/second,milliseconds
1780305739,3,14.000000,9.645054,4.000000,4.189152,11.000000,14.000000,14.000000,14.000000,14.000000,14.000000,0.005863,0.000133,0.111452,0.342345,calls/second,milliseconds
1780305740,3,14.000000,9.645054,4.000000,4.189152,11.000000,14.000000,14.000000,14.000000,14.000000,14.000000,0.005852,0.000133,0.111452,0.342345,calls/second,milliseconds
1780305741,3,14.000000,9.645054,4.000000,4.189152,11.000000,14.000000,14.000000,14.000000,14.000000,14.000000,0.005841,0.000133,0.111452,0.342345,calls/second,milliseconds
1780305742,3,14.000000,9.645054,4.000000,4.189152,11.000000,14.000000,14.000000,14.000000,14.000000,14.000000,0.005829,0.000133,0.111452,0.342345,calls/second,milliseconds
1780305743,3,14.000000,9.645054,4.000000,4.189152,11.000000,14.000000,14.000000,14.000000,14.000000,14.000000,0.005818,0.000122,0.109610,0.340448,calls/second,milliseconds
1780305744,3,14.000000,9.645054,4.000000,4.189152,11.000000,14.000000,14.000000,14.000000,14.000000,14.000000,0.005807,0.000122,0.109610,0.340448,calls/second,milliseconds
1780305745,3,14.000000,9.645054,4.000000,4.189152,11.000000,14.000000,14.000000,14.000000,14.000000,14.000000,0.005795,0.000122,0.109610,0.340448,calls/second,milliseconds
1780305746,3,14.000000,9.645054,4.000000,4.189152,11.000000,14.000000,14.000000,14.000000,14.000000,14.000000,0.005784,0.000122,0.109610,0.340448,calls/second,milliseconds
1780305747,3,14.000000,9.645054,4.000000,4.189152,11.000000,14.000000,14.000000,14.000000,14.000000,14.000000,0.005773,0.000122,0.109610,0.340448,calls/second,milliseconds
1780305748,3,14.000000,9.645054,4.000000,4.189152,11.000000,14.000000,14.000000,14.000000,14.000000,14.000000,0.005762,0.000112,0.107798,0.338562,calls/second,milliseconds
1780305749,3,14.000000,9.645054,4.000000,4.189152,11.000000,14.000000,14.000000,14.000000,14.000000,14.000000,0.005751,0.000112,0.107798,0.338562,calls/second,milliseconds
1780305750,3,14.000000,9.645054,4.000000,4.189152,11.000000,14.000000,14.000000,14.000000,14.000000,14.000000,0.005740,0.000112,0.107798,0.338562,calls/second,milliseconds
1780305751,3,14.000000,9.645054,4.000000,4.189152,11.000000,14.000000,14.000000,14.000000,14.000000,14.000000,0.005729,0.000112,0.107798,0.338562,calls/second,milliseconds
1780305752,3,14.000000,9.645054,4.000000,4.189152,11.000000,14.000000,14.000000,14.000000,14.000000,14.000000,0.005718,0.000112,0.107798,0.338562,calls/second,milliseconds
1780305753,3,14.000000,9.645054,4.000000,4.189152,11.000000,14.000000,14.000000,14.000000,14.000000,14.000000,0.005707,0.000103,0.106017,0.336686,calls/second,milliseconds
1780305754,3,14.000000,9.645054,4.000000,4.189152,11.000000,14.000000,14.000000,14.000000,14.000000,14.000000,0.005696,0.000103,0.106017,0.336686,calls/second,milliseconds
1780305755,3,14.000000,9.645054,4.000000,4.189152,11.000000,14.000000,14.000000,14.000000,14.000000,14.000000,0.005685,0.000103,0.106017,0.336686,calls/second,milliseconds
1780305756,3,14.000000,9.645054,4.000000,4.189152,11.000000,14.000000,14.000000,14.000000,14.000000,14.000000,0.005674,0.000103,0.106017,0.336686,calls/second,milliseconds
1780305757,3,14.000000,9.645054,4.000000,4.189152,11.000000,14.000000,14.000000,14.000000,14.000000,14.000000,0.005664,0.000103,0.106017,0.336686,calls/second,milliseconds
1780305758,3,14.000000,9.645054,4.000000,4.189152,11.000000,14.000000,14.000000,14.000000,14.000000,14.000000,0.005653,0.000095,0.104264,0.334821,calls/second,milliseconds
1780305759,3,14.000000,9.645054,4.000000,4.189152,11.000000,14.000000,14.000000,14.000000,14.000000,14.000000,0.005642,0.000095,0.104264,0.334821,calls/second,milliseconds
1780305760,3,14.000000,9.645054,4.000000,4.189152,11.000000,14.000000,14.000000,14.000000,14.000000,14.000000,0.005632,0.000095,0.104264,0.334821,calls/second,milliseconds
1780305761,3,14.000000,9.645054,4.000000,4.189152,11.000000,14.000000,14.000000,14.000000,14.000000,14.000000,0.005621,0.000095,0.104264,0.334821,calls/second,milliseconds
1780305762,3,14.000000,9.645054,4.000000,4.189152,11.000000,14.000000,14.000000,14.000000,14.000000,14.000000,0.005611,0.000095,0.104264,0.334821,calls/second,milliseconds
1780305763,3,14.000000,9.645054,4.000000,4.189152,11.000000,14.000000,14.000000,14.000000,14.000000,14.000000,0.005600,0.000087,0.102541,0.332966,calls/second,milliseconds
1780305764,3,14.000000,9.645054,4.000000,4.189152,11.000000,14.000000,14.000000,14.000000,14.000000,14.000000,0.005590,0.000087,0.102541,0.332966,calls/second,milliseconds
1780305765,3,14.000000,9.645054,4.000000,4.189152,11.000000,14.000000,14.000000,14.000000,14.000000,14.000000,0.005579,0.000087,0.102541,0.332966,calls/second,milliseconds
1780305766,3,14.000000,9.645054,4.000000,4.189152,11.000000,14.000000,14.000000,14.000000,14.000000,14.000000,0.005569,0.000087,0.102541,0.332966,calls/second,milliseconds
1780305767,3,14.000000,9.645054,4.000000,4.189152,11.000000,14.000000,14.000000,14.000000,14.000000,14.000000,0.005559,0.000087,0.102541,0.332966,calls/second,milliseconds
1780305768,3,14.000000,9.645054,4.000000,4.189152,11.000000,14.000000,14.000000,14.000000,14.000000,14.000000,0.005548,0.000080,0.100846,0.331121,calls/second,milliseconds
1780305769,3,14.000000,9.645054,4.000000,4.189152,11.000000,14.000000,14.000000,14.000000,14.000000,14.000000,0.005538,0.000080,0.100846,0.331121,calls/second,milliseconds
1780305770,3,14.000000,9.645054,4.000000,4.189152,11.000000,14.000000,14.000000,14.000000,14.000000,14.000000,0.005528,0.000080,0.100846,0.331121,calls/second,milliseconds
1780305771,3,14.000000,9.645054,4.000000,4.189152,11.000000,14.000000,14.000000,14.000000,14.000000,14.000000,0.005518,0.000080,0.100846,0.331121,calls/second,milliseconds
1780305772,3,14.000000,9.645054,4.000000,4.189152,11.000000,14.000000,14.000000,14.000000,14.000000,14.000000,0.005507,0.000080,0.100846,0.331121,calls/second,milliseconds
1780305773,3,14.000000,9.645054,4.000000,4.189152,11.000000,14.000000,14.000000,14.000000,14.000000,14.000000,0.005497,0.000074,0.099179,0.329287,calls/second,milliseconds
1780305774,3,14.000000,9.645054,4.000000,4.189152,11.000000,14.000000,14.000000,14.000000,14.000000,14.000000,0.005487,0.000074,0.099179,0.329287,calls/second,milliseconds
1780305775,3,14.000000,9.645054,4.000000,4.189152,11.000000,14.000000,14.000000,14.000000,14.000000,14.000000,0.005477,0.000074,0.099179,0.329287,calls/second,milliseconds
1780305776,3,14.000000,9.645054,4.000000,4.189152,11.000000,14.000000,14.000000,14.000000,14.000000,14.000000,0.005467,0.000074,0.099179,0.329287,calls/second,milliseconds
1780305777,3,14.000000,9.645054,4.000000,4.189152,11.000000,14.000000,14.000000,14.000000,14.000000,14.000000,0.005457,0.000074,0.099179,0.329287,calls/second,milliseconds
1780305778,3,14.000000,9.645054,4.000000,4.189152,11.000000,14.000000,14.000000,14.000000,14.000000,14.000000,0.005447,0.000068,0.097540,0.327463,calls/second,milliseconds
1780305779,3,14.000000,9.645054,4.000000,4.189152,11.000000,14.000000,14.000000,14.000000,14.000000,14.000000,0.005437,0.000068,0.097540,0.327463,calls/second,milliseconds
1780305780,3,14.000000,9.645054,4.000000,4.189152,11.000000,14.000000,14.000000,14.000000,14.000000,14.000000,0.005428,0.000068,0.097540,0.327463,calls/second,milliseconds
1780305781,3,14.000000,9.645054,4.000000,4.189152,11.000000,14.000000,14.000000,14.000000,14.000000,14.000000,0.005418,0.000068,0.097540,0.327463,calls/second,milliseconds
1780305782,3,14.000000,9.645054,4.000000,4.189152,11.000000,14.000000,14.000000,14.000000,14.000000,14.000000,0.005408,0.000068,0.097540,0.327463,calls/second,milliseconds
1780305783,3,14.000000,9.645054,4.000000,4.189152,11.000000,14.000000,14.000000,14.000000,14.000000,14.000000,0.005398,0.000063,0.095928,0.325648,calls/second,milliseconds
1780305784,3,14.000000,9.645054,4.000000,4.189152,11.000000,14.000000,14.000000,14.000000,14.000000,14.000000,0.005389,0.000063,0.095928,0.325648,calls/second,milliseconds
1780305785,3,14.000000,9.645054,4.000000,4.189152,11.000000,14.000000,14.000000,14.000000,14.000000,14.000000,0.005379,0.000063,0.095928,0.325648,calls/second,milliseconds
1780305786,3,14.000000,9.645054,4.000000,4.189152,11.000000,14.000000,14.000000,14.000000,14.000000,14.000000,0.005369,0.000063,0.095928,0.325648,calls/second,milliseconds
1780305787,3,14.000000,9.645054,4.000000,4.189152,11.000000,14.000000,14.000000,14.000000,14.000000,14.000000,0.005360,0.000063,0.095928,0.325648,calls/second,milliseconds
1780305788,3,14.000000,9.645054,4.000000,4.189152,11.000000,14.000000,14.000000,14.000000,14.000000,14.000000,0.005350,0.000058,0.094342,0.323844,calls/second,milliseconds
1780305789,3,14.000000,9.645054,4.000000,4.189152,11.000000,14.000000,14.000000,14.000000,14.000000,14.000000,0.005340,0.000058,0.094342,0.323844,calls/second,milliseconds
1780305790,3,14.000000,9.645054,4.000000,4.189152,11.000000,14.000000,14.000000,14.000000,14.000000,14.000000,0.005331,0.000058,0.094342,0.323844,calls/second,milliseconds
1780305791,3,14.000000,9.645054,4.000000,4.189152,11.000000,14.000000,14.000000,14.000000,14.000000,14.000000,0.005321,0.000058,0.094342,0.323844,calls/second,milliseconds
1780305792,3,14.000000,9.645054,4.000000,4.189152,11.000000,14.000000,14.000000,14.000000,14.000000,14.000000,0.005312,0.000058,0.094342,0.323844,calls/second,milliseconds
1780305793,3,14.000000,9.645054,4.000000,4.189152,11.000000,14.000000,14.000000,14.000000,14.000000,14.000000,0.005303,0.000053,0.092783,0.322050,calls/second,milliseconds
1780305794,3,14.000000,9.645054,4.000000,4.189152,11.000000,14.000000,14.000000,14.000000,14.000000,14.000000,0.005293,0.000053,0.092783,0.322050,calls/second,milliseconds
1780305795,3,14.000000,9.645054,4.000000,4.189152,11.000000,14.000000,14.000000,14.000000,14.000000,14.000000,0.005284,0.000053,0.092783,0.322050,calls/second,milliseconds
1780305796,3,14.000000,9.645054,4.000000,4.189152,11.000000,14.000000,14.000000,14.000000,14.000000,14.000000,0.005275,0.000053,0.092783,0.322050,calls/second,milliseconds
1780305797,3,14.000000,9.645054,4.000000,4.189152,11.000000,14.000000,14.000000,14.000000,14.000000,14.000000,0.005265,0.000053,0.092783,0.322050,calls/second,milliseconds
1780305798,3,14.000000,9.645054,4.000000,4.189152,11.000000,14.000000,14.000000,14.000000,14.000000,14.000000,0.005256,0.000049,0.091249,0.320266,calls/second,milliseconds
1780305799,3,14.000000,9.645054,4.000000,4.189152,11.000000,14.000000,14.000000,14.000000,14.000000,14.000000,0.005247,0.000049,0.091249,0.320266,calls/second,milliseconds
1780305800,3,14.000000,9.645054,4.000000,4.189152,11.000000,14.000000,14.000000,14.000000,14.000000,14.000000,0.005238,0.000049,0.091249,0.320266,calls/second,milliseconds
1780305801,3,14.000000,9.645054,4.000000,4.189152,11.000000,14.000000,14.000000,14.000000,14.000000,14.000000,0.005229,0.000049,0.091249,0.320266,calls/second,milliseconds
1780305802,3,14.000000,9.645054,4.000000,4.189152,11.000000,14.000000,14.000000,14.000000,14.000000,14.000000,0.005219,0.000049,0.091249,0.320266,calls/second,milliseconds
1780305803,3,14.000000,9.645054,4.000000,4.189152,11.000000,14.000000,14.000000,14.000000,14.000000,14.000000,0.005210,0.000045,0.089741,0.318492,calls/second,milliseconds
1780305804,3,14.000000,9.645054,4.000000,4.189152,11.000000,14.000000,14.000000,14.000000,14.000000,14.000000,0.005201,0.000045,0.089741,0.318492,calls/second,milliseconds
1780305805,3,14.000000,9.645054,4.000000,4.189152,11.000000,14.000000,14.000000,14.000000,14.000000,14.000000,0.005192,0.000045,0.089741,0.318492,calls/second,milliseconds
1780305806,3,14.000000,9.645054,4.000000,4.189152,11.000000,14.000000,14.000000,14.000000,14.000000,14.000000,0.005183,0.000045,0.089741,0.318492,calls/second,milliseconds
1780305807,3,14.000000,9.645054,4.000000,4.189152,11.000000,14.000000,14.000000,14.000000,14.000000,14.000000,0.005174,0.000045,0.089741,0.318492,calls/second,milliseconds
1780305808,3,14.000000,9.645054,4.000000,4.189152,11.000000,14.000000,14.000000,14.000000,14.000000,14.000000,0.005165,0.000041,0.088258,0.316727,calls/second,milliseconds
1780305809,3,14.000000,9.645054,4.000000,4.189152,11.000000,14.000000,14.000000,14.000000,14.000000,14.000000,0.005157,0.000041,0.088258,0.316727,calls/second,milliseconds
1780305810,3,14.000000,9.645054,4.000000,4.189152,11.000000,14.000000,14.000000,14.000000,14.000000,14.000000,0.005148,0.000041,0.088258,0.316727,calls/second,milliseconds
1780305811,3,14.000000,9.645054,4.000000,4.189152,11.000000,14.000000,14.000000,14.000000,14.000000,14.000000,0.005139,0.000041,0.088258,0.316727,calls/second,milliseconds
1780305812,3,14.000000,9.645054,4.000000,4.189152,11.000000,14.000000,14.000000,14.000000,14.000000,14.000000,0.005130,0.000041,0.088258,0.316727,calls/second,milliseconds
1780305813,3,14.000000,9.645054,4.000000,4.189152,11.000000,14.000000,14.000000,14.000000,14.000000,14.000000,0.005121,0.000038,0.086799,0.314972,calls/second,milliseconds
1780305814,3,14.000000,9.645054,4.000000,4.189152,11.000000,14.000000,14.000000,14.000000,14.000000,14.000000,0.005113,0.000038,0.086799,0.314972,calls/second,milliseconds
1780305815,3,14.000000,9.645054,4.000000,4.189152,11.000000,14.000000,14.000000,14.000000,14.000000,14.000000,0.005104,0.000038,0.086799,0.314972,calls/second,milliseconds
1780305816,3,14.000000,9.645054,4.000000,4.189152,11.000000,14.000000,14.000000,14.000000,14.000000,14.000000,0.005095,0.000038,0.086799,0.314972,calls/second,milliseconds
1780305817,3,14.000000,9.645054,4.000000,4.189152,11.000000,14.000000,14.000000,14.000000,14.000000,14.000000,0.005086,0.000038,0.086799,0.314972,calls/second,milliseconds
1780305818,3,14.000000,9.645054,4.000000,4.189152,11.000000,14.000000,14.000000,14.000000,14.000000,14.000000,0.005078,0.000035,0.085364,0.313227,calls/second,milliseconds
1780305819,3,14.000000,9.645054,4.000000,4.189152,11.000000,14.000000,14.000000,14.000000,14.000000,14.000000,0.005069,0.000035,0.085364,0.313227,calls/second,milliseconds
1780305820,3,14.000000,9.645054,4.000000,4.189152,11.000000,14.000000,14.000000,14.000000,14.000000,14.000000,0.005061,0.000035,0.085364,0.313227,calls/second,milliseconds
1780305821,3,14.000000,9.645054,4.000000,4.189152,11.000000,14.000000,14.000000,14.000000,14.000000,14.000000,0.005052,0.000035,0.085364,0.313227,calls/second,milliseconds
1780305822,3,14.000000,9.645054,4.000000,4.189152,11.000000,14.000000,14.000000,14.000000,14.000000,14.000000,0.005044,0.000035,0.085364,0.313227,calls/second,milliseconds
1780305823,3,14.000000,9.645054,4.000000,4.189152,11.000000,14.000000,14.000000,14.000000,14.000000,14.000000,0.005035,0.000032,0.083953,0.311492,calls/second,milliseconds
1780305824,3,14.000000,9.645054,4.000000,4.189152,11.000000,14.000000,14.000000,14.000000,14.000000,14.000000,0.005027,0.000032,0.083953,0.311492,calls/second,milliseconds
1780305825,3,14.000000,9.645054,4.000000,4.189152,11.000000,14.000000,14.000000,14.000000,14.000000,14.000000,0.005018,0.000032,0.083953,0.311492,calls/second,milliseconds
1780305826,3,14.000000,9.645054,4.000000,4.189152,11.000000,14.000000,14.000000,14.000000,14.000000,14.000000,0.005010,0.000032,0.083953,0.311492,calls/second,milliseconds
1780305827,3,14.000000,9.645054,4.000000,4.189152,11.000000,14.000000,14.000000,14.000000,14.000000,14.000000,0.005001,0.000032,0.083953,0.311492,calls/second,milliseconds
1780305828,3,14.000000,9.645054,4.000000,4.189152,11.000000,14.000000,14.000000,14.000000,14.000000,14.000000,0.004993,0.000030,0.082566,0.309766,calls/second,milliseconds
1780305829,3,14.000000,9.645054,4.000000,4.189152,11.000000,14.000000,14.000000,14.000000,14.000000,14.000000,0.004985,0.000030,0.082566,0.309766,calls/second,milliseconds
1780305830,3,14.000000,9.645054,4.000000,4.189152,11.000000,14.000000,14.000000,14.000000,14.000000,14.000000,0.004977,0.000030,0.082566,0.309766,calls/second,milliseconds
1780305831,3,14.000000,9.645054,4.000000,4.189152,11.000000,14.000000,14.000000,14.000000,14.000000,14.000000,0.004968,0.000030,0.082566,0.309766,calls/second,milliseconds
1780305832,3,14.000000,9.645054,4.000000,4.189152,11.000000,14.000000,14.000000,14.000000,14.000000,14.000000,0.004960,0.000030,0.082566,0.309766,calls/second,milliseconds
1780305833,3,14.000000,9.645054,4.000000,4.189152,11.000000,14.000000,14.000000,14.000000,14.000000,14.000000,0.004952,0.000027,0.081201,0.308050,calls/second,milliseconds
1780305834,3,14.000000,9.645054,4.000000,4.189152,11.000000,14.000000,14.000000,14.000000,14.000000,14.000000,0.004944,0.000027,0.081201,0.308050,calls/second,milliseconds
1780305835,3,14.000000,9.645054,4.000000,4.189152,11.000000,14.000000,14.000000,14.000000,14.000000,14.000000,0.004936,0.000027,0.081201,0.308050,calls/second,milliseconds
1780305836,3,14.000000,9.645054,4.000000,4.189152,11.000000,14.000000,14.000000,14.000000,14.000000,14.000000,0.004927,0.000027,0.081201,0.308050,calls/second,milliseconds
1780305837,3,14.000000,9.645054,4.000000,4.189152,11.000000,14.000000,14.000000,14.000000,14.000000,14.000000,0.004919,0.000027,0.081201,0.308050,calls/second,milliseconds
1780305838,3,14.000000,9.645054,4.000000,4.189152,11.000000,14.000000,14.000000,14.000000,14.000000,14.000000,0.004911,0.000025,0.079859,0.306344,calls/second,milliseconds
1780305840,3,14.000000,9.645054,4.000000,4.189152,11.000000,14.000000,14.000000,14.000000,14.000000,14.000000,0.004903,0.000025,0.079859,0.306344,calls/second,milliseconds
1780305841,3,14.000000,9.645054,4.000000,4.189152,11.000000,14.000000,14.000000,14.000000,14.000000,14.000000,0.004895,0.000025,0.079859,0.306344,calls/second,milliseconds
1780305842,3,14.000000,9.645054,4.000000,4.189152,11.000000,14.000000,14.000000,14.000000,14.000000,14.000000,0.004887,0.000025,0.079859,0.306344,calls/second,milliseconds
1780305843,3,14.000000,9.645054,4.000000,4.189152,11.000000,14.000000,14.000000,14.000000,14.000000,14.000000,0.004879,0.000025,0.079859,0.306344,calls/second,milliseconds
1780305844,3,14.000000,9.645054,4.000000,4.189152,11.000000,14.000000,14.000000,14.000000,14.000000,14.000000,0.004871,0.000023,0.078539,0.304646,calls/second,milliseconds
1780305845,3,14.000000,9.645054,4.000000,4.189152,11.000000,14.000000,14.000000,14.000000,14.000000,14.000000,0.004863,0.000023,0.078539,0.304646,calls/second,milliseconds
1780305846,3,14.000000,9.645054,4.000000,4.189152,11.000000,14.000000,14.000000,14.000000,14.000000,14.000000,0.004856,0.000023,0.078539,0.304646,calls/second,milliseconds
1780305847,3,14.000000,9.645054,4.000000,4.189152,11.000000,14.000000,14.000000,14.000000,14.000000,14.000000,0.004848,0.000023,0.078539,0.304646,calls/second,milliseconds
1780305848,3,14.000000,9.645054,4.000000,4.189152,11.000000,14.000000,14.000000,14.000000,14.000000,14.000000,0.004840,0.000023,0.078539,0.304646,calls/second,milliseconds
1780305849,3,14.000000,9.645054,4.000000,4.189152,11.000000,14.000000,14.000000,14.000000,14.000000,14.000000,0.004832,0.000021,0.077241,0.302959,calls/second,milliseconds
1780305850,3,14.000000,9.645054,4.000000,4.189152,11.000000,14.000000,14.000000,14.000000,14.000000,14.000000,0.004824,0.000021,0.077241,0.302959,calls/second,milliseconds
1780305851,3,14.000000,9.645054,4.000000,4.189152,11.000000,14.000000,14.000000,14.000000,14.000000,14.000000,0.004816,0.000021,0.077241,0.302959,calls/second,milliseconds
1780305852,3,14.000000,9.645054,4.000000,4.189152,11.000000,14.000000,14.000000,14.000000,14.000000,14.000000,0.004809,0.000021,0.077241,0.302959,calls/second,milliseconds
1780305853,3,14.000000,9.645054,4.000000,4.189152,11.000000,14.000000,14.000000,14.000000,14.000000,14.000000,0.004801,0.000021,0.077241,0.302959,calls/second,milliseconds
1780305854,3,14.000000,9.645054,4.000000,4.189152,11.000000,14.000000,14.000000,14.000000,14.000000,14.000000,0.004793,0.000020,0.075964,0.301280,calls/second,milliseconds
1780305855,3,14.000000,9.645054,4.000000,4.189152,11.000000,14.000000,14.000000,14.000000,14.000000,14.000000,0.004786,0.000020,0.075964,0.301280,calls/second,milliseconds
1780305856,3,14.000000,9.645054,4.000000,4.189152,11.000000,14.000000,14.000000,14.000000,14.000000,14.000000,0.004778,0.000020,0.075964,0.301280,calls/second,milliseconds
1780305857,3,14.000000,9.645054,4.000000,4.189152,11.000000,14.000000,14.000000,14.000000,14.000000,14.000000,0.004770,0.000020,0.075964,0.301280,calls/second,milliseconds
1780305858,3,14.000000,9.645054,4.000000,4.189152,11.000000,14.000000,14.000000,14.000000,14.000000,14.000000,0.004763,0.000020,0.075964,0.301280,calls/second,milliseconds
1780305859,3,14.000000,9.645054,4.000000,4.189152,11.000000,14.000000,14.000000,14.000000,14.000000,14.000000,0.004755,0.000018,0.074709,0.299611,calls/second,milliseconds
1780305860,3,14.000000,9.645054,4.000000,4.189152,11.000000,14.000000,14.000000,14.000000,14.000000,14.000000,0.004748,0.000018,0.074709,0.299611,calls/second,milliseconds
1780305861,3,14.000000,9.645054,4.000000,4.189152,11.000000,14.000000,14.000000,14.000000,14.000000,14.000000,0.004740,0.000018,0.074709,0.299611,calls/second,milliseconds
1780305862,3,14.000000,9.645054,4.000000,4.189152,11.000000,14.000000,14.000000,14.000000,14.000000,14.000000,0.004733,0.000018,0.074709,0.299611,calls/second,milliseconds
1780305863,3,14.000000,9.645054,4.000000,4.189152,11.000000,14.000000,14.000000,14.000000,14.000000,14.000000,0.004725,0.000018,0.074709,0.299611,calls/second,milliseconds
1780305864,3,14.000000,9.645054,4.000000,4.189152,11.000000,14.000000,14.000000,14.000000,14.000000,14.000000,0.004718,0.000017,0.073474,0.297951,calls/second,milliseconds
1780305865,3,14.000000,9.645054,4.000000,4.189152,11.000000,14.000000,14.000000,14.000000,14.000000,14.000000,0.004710,0.000017,0.073474,0.297951,calls/second,milliseconds
1780305866,3,14.000000,9.645054,4.000000,4.189152,11.000000,14.000000,14.000000,14.000000,14.000000,14.000000,0.004703,0.000017,0.073474,0.297951,calls/second,milliseconds
1780305867,3,14.000000,9.645054,4.000000,4.189152,11.000000,14.000000,14.000000,14.000000,14.000000,14.000000,0.004696,0.000017,0.073474,0.297951,calls/second,milliseconds
1780305868,3,14.000000,9.645054,4.000000,4.189152,11.000000,14.000000,14.000000,14.000000,14.000000,14.000000,0.004688,0.000017,0.073474,0.297951,calls/second,milliseconds
1780305869,3,14.000000,9.645054,4.000000,4.189152,11.000000,14.000000,14.000000,14.000000,14.000000,14.000000,0.004681,0.000015,0.072259,0.296300,calls/second,milliseconds
1780305870,3,14.000000,9.645054,4.000000,4.189152,11.000000,14.000000,14.000000,14.000000,14.000000,14.000000,0.004674,0.000015,0.072259,0.296300,calls/second,milliseconds
1780305871,3,14.000000,9.645054,4.000000,4.189152,11.000000,14.000000,14.000000,14.000000,14.000000,14.000000,0.004666,0.000015,0.072259,0.296300,calls/second,milliseconds
1780305872,3,14.000000,9.645054,4.000000,4.189152,11.000000,14.000000,14.000000,14.000000,14.000000,14.000000,0.004659,0.000015,0.072259,0.296300,calls/second,milliseconds
1780305873,3,14.000000,9.645054,4.000000,4.189152,11.000000,14.000000,14.000000,14.000000,14.000000,14.000000,0.004652,0.000015,0.072259,0.296300,calls/second,milliseconds
1780305874,3,14.000000,9.645054,4.000000,4.189152,11.000000,14.000000,14.000000,14.000000,14.000000,14.000000,0.004645,0.000014,0.071065,0.294659,calls/second,milliseconds
1780305875,3,14.000000,9.645054,4.000000,4.189152,11.000000,14.000000,14.000000,14.000000,14.000000,14.000000,0.004637,0.000014,0.071065,0.294659,calls/second,milliseconds
1780305876,3,14.000000,9.645054,4.000000,4.189152,11.000000,14.000000,14.000000,14.000000,14.000000,14.000000,0.004630,0.000014,0.071065,0.294659,calls/second,milliseconds
1780305877,3,14.000000,9.645054,4.000000,4.189152,11.000000,14.000000,14.000000,14.000000,14.000000,14.000000,0.004623,0.000014,0.071065,0.294659,calls/second,milliseconds
1780305878,3,14.000000,9.645054,4.000000,4.189152,11.000000,14.000000,14.000000,14.000000,14.000000,14.000000,0.004616,0.000014,0.071065,0.294659,calls/second,milliseconds
1780305879,3,14.000000,9.645054,4.000000,4.189152,11.000000,14.000000,14.000000,14.000000,14.000000,14.000000,0.004609,0.000013,0.069890,0.293026,calls/second,milliseconds
1780305880,3,14.000000,9.645054,4.000000,4.189152,11.000000,14.000000,14.000000,14.000000,14.000000,14.000000,0.004602,0.000013,0.069890,0.293026,calls/second,milliseconds
1780305881,3,14.000000,9.645054,4.000000,4.189152,11.000000,14.000000,14.000000,14.000000,14.000000,14.000000,0.004595,0.000013,0.069890,0.293026,calls/second,milliseconds
1780305882,3,14.000000,9.645054,4.000000,4.189152,11.000000,14.000000,14.000000,14.000000,14.000000,14.000000,0.004588,0.000013,0.069890,0.293026,calls/second,milliseconds
1780305883,3,14.000000,9.645054,4.000000,4.189152,11.000000,14.000000,14.000000,14.000000,14.000000,14.000000,0.004581,0.000013,0.069890,0.293026,calls/second,milliseconds
1780305884,3,14.000000,9.645054,4.000000,4.189152,11.000000,14.000000,14.000000,14.000000,14.000000,14.000000,0.004574,0.000012,0.068735,0.291403,calls/second,milliseconds
1780305885,3,14.000000,9.645054,4.000000,4.189152,11.000000,14.000000,14.000000,14.000000,14.000000,14.000000,0.004567,0.000012,0.068735,0.291403,calls/second,milliseconds
1780305886,3,14.000000,9.645054,4.000000,4.189152,11.000000,14.000000,14.000000,14.000000,14.000000,14.000000,0.004560,0.000012,0.068735,0.291403,calls/second,milliseconds
1780305887,3,14.000000,9.645054,4.000000,4.189152,11.000000,14.000000,14.000000,14.000000,14.000000,14.000000,0.004553,0.000012,0.068735,0.291403,calls/second,milliseconds
1780305888,3,14.000000,9.645054,4.000000,4.189152,11.000000,14.000000,14.000000,14.000000,14.000000,14.000000,0.004546,0.000012,0.068735,0.291403,calls/second,milliseconds
1780305889,3,14.000000,9.645054,4.000000,4.189152,11.000000,14.000000,14.000000,14.000000,14.000000,14.000000,0.004539,0.000011,0.067599,0.289789,calls/second,milliseconds
1780305890,3,14.000000,9.645054,4.000000,4.189152,11.000000,14.000000,14.000000,14.000000,14.000000,14.000000,0.004532,0.000011,0.067599,0.289789,calls/second,milliseconds
1780305891,3,14.000000,9.645054,4.000000,4.189152,11.000000,14.000000,14.000000,14.000000,14.000000,14.000000,0.004525,0.000011,0.067599,0.289789,calls/second,milliseconds
1780305892,3,14.000000,9.645054,4.000000,4.189152,11.000000,14.000000,14.000000,14.000000,14.000000,14.000000,0.004518,0.000011,0.067599,0.289789,calls/second,milliseconds
1780305893,3,14.000000,9.645054,4.000000,4.189152,11.000000,14.000000,14.000000,14.000000,14.000000,14.000000,0.004512,0.000011,0.067599,0.289789,calls/second,milliseconds
1780305894,3,14.000000,9.645054,4.000000,4.189152,11.000000,14.000000,14.000000,14.000000,14.000000,14.000000,0.004505,0.000010,0.066482,0.288183,calls/second,milliseconds
1780305895,3,14.000000,9.645054,4.000000,4.189152,11.000000,14.000000,14.000000,14.000000,14.000000,14.000000,0.004498,0.000010,0.066482,0.288183,calls/second,milliseconds
1780305896,3,14.000000,9.645054,4.000000,4.189152,11.000000,14.000000,14.000000,14.000000,14.000000,14.000000,0.004491,0.000010,0.066482,0.288183,calls/second,milliseconds
1780305897,3,14.000000,9.645054,4.000000,4.189152,11.000000,14.000000,14.000000,14.000000,14.000000,14.000000,0.004485,0.000010,0.066482,0.288183,calls/second,milliseconds
1780305898,3,14.000000,9.645054,4.000000,4.189152,11.000000,14.000000,14.000000,14.000000,14.000000,14.000000,0.004478,0.000010,0.066482,0.288183,calls/second,milliseconds
1780305899,3,14.000000,9.645054,4.000000,4.189152,11.000000,14.000000,14.000000,14.000000,14.000000,14.000000,0.004471,0.000009,0.065383,0.286587,calls/second,milliseconds
1780305900,3,14.000000,9.645054,4.000000,4.189152,11.000000,14.000000,14.000000,14.000000,14.000000,14.000000,0.004465,0.000009,0.065383,0.286587,calls/second,milliseconds
1780305901,3,14.000000,9.645054,4.000000,4.189152,11.000000,14.000000,14.000000,14.000000,14.000000,14.000000,0.004458,0.000009,0.065383,0.286587,calls/second,milliseconds
1780305902,3,14.000000,9.645054,4.000000,4.189152,11.000000,14.000000,14.000000,14.000000,14.000000,14.000000,0.004451,0.000009,0.065383,0.286587,calls/second,milliseconds
1780305903,3,14.000000,9.645054,4.000000,4.189152,11.000000,14.000000,14.000000,14.000000,14.000000,14.000000,0.004445,0.000009,0.065383,0.286587,calls/second,milliseconds
1780305904,3,14.000000,9.645054,4.000000,4.189152,11.000000,14.000000,14.000000,14.000000,14.000000,14.000000,0.004438,0.000008,0.064302,0.284999,calls/second,milliseconds
1780305905,3,14.000000,9.645054,4.000000,4.189152,11.000000,14.000000,14.000000,14.000000,14.000000,14.000000,0.004432,0.000008,0.064302,0.284999,calls/second,milliseconds
1780305906,3,14.000000,9.645054,4.000000,4.189152,11.000000,14.000000,14.000000,14.000000,14.000000,14.000000,0.004425,0.000008,0.064302,0.284999,calls/second,milliseconds
1780305907,3,14.000000,9.645054,4.000000,4.189152,11.000000,14.000000,14.000000,14.000000,14.000000,14.000000,0.004418,0.000008,0.064302,0.284999,calls/second,milliseconds
1780305908,3,14.000000,9.645054,4.000000,4.189152,11.000000,14.000000,14.000000,14.000000,14.000000,14.000000,0.004412,0.000008,0.064302,0.284999,calls/second,milliseconds
1780305909,3,14.000000,9.645054,4.000000,4.189152,11.000000,14.000000,14.000000,14.000000,14.000000,14.000000,0.004405,0.000008,0.063240,0.283420,calls/second,milliseconds
1780305910,3,14.000000,9.645054,4.000000,4.189152,11.000000,14.000000,14.000000,14.000000,14.000000,14.000000,0.004399,0.000008,0.063240,0.283420,calls/second,milliseconds
1780305911,3,14.000000,9.645054,4.000000,4.189152,11.000000,14.000000,14.000000,14.000000,14.000000,14.000000,0.004393,0.000008,0.063240,0.283420,calls/second,milliseconds
1780305912,3,14.000000,9.645054,4.000000,4.189152,11.000000,14.000000,14.000000,14.000000,14.000000,14.000000,0.004386,0.000008,0.063240,0.283420,calls/second,milliseconds
1780305913,3,14.000000,9.645054,4.000000,4.189152,11.000000,14.000000,14.000000,14.000000,14.000000,14.000000,0.004380,0.000008,0.063240,0.283420,calls/second,milliseconds
1780305914,3,14.000000,9.645054,4.000000,4.189152,11.000000,14.000000,14.000000,14.000000,14.000000,14.000000,0.004373,0.000007,0.062194,0.281850,calls/second,milliseconds
1780305915,3,14.000000,9.645054,4.000000,4.189152,11.000000,14.000000,14.000000,14.000000,14.000000,14.000000,0.004367,0.000007,0.062194,0.281850,calls/second,milliseconds
1780305916,3,14.000000,9.645054,4.000000,4.189152,11.000000,14.000000,14.000000,14.000000,14.000000,14.000000,0.004360,0.000007,0.062194,0.281850,calls/second,milliseconds
1780305917,3,14.000000,9.645054,4.000000,4.189152,11.000000,14.000000,14.000000,14.000000,14.000000,14.000000,0.004354,0.000007,0.062194,0.281850,calls/second,milliseconds
1780305918,3,14.000000,9.645054,4.000000,4.189152,11.000000,14.000000,14.000000,14.000000,14.000000,14.000000,0.004348,0.000007,0.061166,0.280288,calls/second,milliseconds
1780305919,3,14.000000,9.645054,4.000000,4.189152,11.000000,14.000000,14.000000,14.000000,14.000000,14.000000,0.004342,0.000007,0.061166,0.280288,calls/second,milliseconds
1780305920,3,14.000000,9.645054,4.000000,4.189152,11.000000,14.000000,14.000000,14.000000,14.000000,14.000000,0.004335,0.000007,0.061166,0.280288,calls/second,milliseconds
1780305921,3,14.000000,9.645054,4.000000,4.189152,11.000000,14.000000,14.000000,14.000000,14.000000,14.000000,0.004329,0.000007,0.061166,0.280288,calls/second,milliseconds
1780305922,3,14.000000,9.645054,4.000000,4.189152,11.000000,14.000000,14.000000,14.000000,14.000000,14.000000,0.004323,0.000007,0.061166,0.280288,calls/second,milliseconds
1780305923,3,14.000000,9.645054,4.000000,4.189152,11.000000,14.000000,14.000000,14.000000,14.000000,14.000000,0.004316,0.000006,0.060155,0.278735,calls/second,milliseconds
1780305924,3,14.000000,9.645054,4.000000,4.189152,11.000000,14.000000,14.000000,14.000000,14.000000,14.000000,0.004310,0.000006,0.060155,0.278735,calls/second,milliseconds
1780305925,3,14.000000,9.645054,4.000000,4.189152,11.000000,14.000000,14.000000,14.000000,14.000000,14.000000,0.004304,0.000006,0.060155,0.278735,calls/second,milliseconds
1780305926,3,14.000000,9.645054,4.000000,4.189152,11.000000,14.000000,14.000000,14.000000,14.000000,14.000000,0.004298,0.000006,0.060155,0.278735,calls/second,milliseconds
1780305927,3,14.000000,9.645054,4.000000,4.189152,11.000000,14.000000,14.000000,14.000000,14.000000,14.000000,0.004292,0.000006,0.060155,0.278735,calls/second,milliseconds
1780305928,3,14.000000,9.645054,4.000000,4.189152,11.000000,14.000000,14.000000,14.000000,14.000000,14.000000,0.004286,0.000006,0.059161,0.277191,calls/second,milliseconds
1780305929,3,14.000000,9.645054,4.000000,4.189152,11.000000,14.000000,14.000000,14.000000,14.000000,14.000000,0.004279,0.000006,0.059161,0.277191,calls/second,milliseconds
1780305930,3,14.000000,9.645054,4.000000,4.189152,11.000000,14.000000,14.000000,14.000000,14.000000,14.000000,0.004273,0.000006,0.059161,0.277191,calls/second,milliseconds
1780305931,3,14.000000,9.645054,4.000000,4.189152,11.000000,14.000000,14.000000,14.000000,14.000000,14.000000,0.004267,0.000006,0.059161,0.277191,calls/second,milliseconds
1780305932,3,14.000000,9.645054,4.000000,4.189152,11.000000,14.000000,14.000000,14.000000,14.000000,14.000000,0.004261,0.000006,0.059161,0.277191,calls/second,milliseconds
1780305933,3,14.000000,9.645054,4.000000,4.189152,11.000000,14.000000,14.000000,14.000000,14.000000,14.000000,0.004255,0.000005,0.058183,0.275655,calls/second,milliseconds
1780305934,3,14.000000,9.645054,4.000000,4.189152,11.000000,14.000000,14.000000,14.000000,14.000000,14.000000,0.004249,0.000005,0.058183,0.275655,calls/second,milliseconds
1780305935,3,14.000000,9.645054,4.000000,4.189152,11.000000,14.000000,14.000000,14.000000,14.000000,14.000000,0.004243,0.000005,0.058183,0.275655,calls/second,milliseconds
1780305936,3,14.000000,9.645054,4.000000,4.189152,11.000000,14.000000,14.000000,14.000000,14.000000,14.000000,0.004237,0.000005,0.058183,0.275655,calls/second,milliseconds
1780305937,3,14.000000,9.645054,4.000000,4.189152,11.000000,14.000000,14.000000,14.000000,14.000000,14.000000,0.004231,0.000005,0.058183,0.275655,calls/second,milliseconds
1780305938,3,14.000000,9.645054,4.000000,4.189152,11.000000,14.000000,14.000000,14.000000,14.000000,14.000000,0.004225,0.000005,0.057221,0.274128,calls/second,milliseconds
1780305939,3,14.000000,9.645054,4.000000,4.189152,11.000000,14.000000,14.000000,14.000000,14.000000,14.000000,0.004219,0.000005,0.057221,0.274128,calls/second,milliseconds
1780305940,3,14.000000,9.645054,4.000000,4.189152,11.000000,14.000000,14.000000,14.000000,14.000000,14.000000,0.004213,0.000005,0.057221,0.274128,calls/second,milliseconds
1780305941,3,14.000000,9.645054,4.000000,4.189152,11.000000,14.000000,14.000000,14.000000,14.000000,14.000000,0.004207,0.000005,0.057221,0.274128,calls/second,milliseconds
1780305942,3,14.000000,9.645054,4.000000,4.189152,11.000000,14.000000,14.000000,14.000000,14.000000,14.000000,0.004201,0.000005,0.057221,0.274128,calls/second,milliseconds
1780305943,3,14.000000,9.645054,4.000000,4.189152,11.000000,14.000000,14.000000,14.000000,14.000000,14.000000,0.004196,0.000004,0.056276,0.272610,calls/second,milliseconds
1780305944,3,14.000000,9.645054,4.000000,4.189152,11.000000,14.000000,14.000000,14.000000,14.000000,14.000000,0.004190,0.000004,0.056276,0.272610,calls/second,milliseconds
1780305945,3,14.000000,9.645054,4.000000,4.189152,11.000000,14.000000,14.000000,14.000000,14.000000,14.000000,0.004184,0.000004,0.056276,0.272610,calls/second,milliseconds
1780305946,3,14.000000,9.645054,4.000000,4.189152,11.000000,14.000000,14.000000,14.000000,14.000000,14.000000,0.004178,0.000004,0.056276,0.272610,calls/second,milliseconds
1780305947,3,14.000000,9.645054,4.000000,4.189152,11.000000,14.000000,14.000000,14.000000,14.000000,14.000000,0.004172,0.000004,0.056276,0.272610,calls/second,milliseconds
1780305948,3,14.000000,9.645054,4.000000,4.189152,11.000000,14.000000,14.000000,14.000000,14.000000,14.000000,0.004166,0.000004,0.055346,0.271099,calls/second,milliseconds
1780305949,3,14.000000,9.645054,4.000000,4.189152,11.000000,14.000000,14.000000,14.000000,14.000000,14.000000,0.004161,0.000004,0.055346,0.271099,calls/second,milliseconds
1780305950,3,14.000000,9.645054,4.000000,4.189152,11.000000,14.000000,14.000000,14.000000,14.000000,14.000000,0.004155,0.000004,0.055346,0.271099,calls/second,milliseconds
1780305951,3,14.000000,9.645054,4.000000,4.189152,11.000000,14.000000,14.000000,14.000000,14.000000,14.000000,0.004149,0.000004,0.055346,0.271099,calls/second,milliseconds
1780305952,3,14.000000,9.645054,4.000000,4.189152,11.000000,14.000000,14.000000,14.000000,14.000000,14.000000,0.004143,0.000004,0.055346,0.271099,calls/second,milliseconds
1780305953,3,14.000000,9.645054,4.000000,4.189152,11.000000,14.000000,14.000000,14.000000,14.000000,14.000000,0.004138,0.000004,0.054431,0.269597,calls/second,milliseconds
1780305954,3,14.000000,9.645054,4.000000,4.189152,11.000000,14.000000,14.000000,14.000000,14.000000,14.000000,0.004132,0.000004,0.054431,0.269597,calls/second,milliseconds
1780305955,3,14.000000,9.645054,4.000000,4.189152,11.000000,14.000000,14.000000,14.000000,14.000000,14.000000,0.004126,0.000004,0.054431,0.269597,calls/second,milliseconds
1780305956,3,14.000000,9.645054,4.000000,4.189152,11.000000,14.000000,14.000000,14.000000,14.000000,14.000000,0.004120,0.000004,0.054431,0.269597,calls/second,milliseconds
1780305957,3,14.000000,9.645054,4.000000,4.189152,11.000000,14.000000,14.000000,14.000000,14.000000,14.000000,0.004115,0.000004,0.054431,0.269597,calls/second,milliseconds
1780305958,3,14.000000,9.645054,4.000000,4.189152,11.000000,14.000000,14.000000,14.000000,14.000000,14.000000,0.004109,0.000003,0.053531,0.268104,calls/second,milliseconds
1780305959,3,14.000000,9.645054,4.000000,4.189152,11.000000,14.000000,14.000000,14.000000,14.000000,14.000000,0.004104,0.000003,0.053531,0.268104,calls/second,milliseconds
1780305960,3,14.000000,9.645054,4.000000,4.189152,11.000000,14.000000,14.000000,14.000000,14.000000,14.000000,0.004098,0.000003,0.053531,0.268104,calls/second,milliseconds
1780305961,3,14.000000,9.645054,4.000000,4.189152,11.000000,14.000000,14.000000,14.000000,14.000000,14.000000,0.004092,0.000003,0.053531,0.268104,calls/second,milliseconds
1780305962,3,14.000000,9.645054,4.000000,4.189152,11.000000,14.000000,14.000000,14.000000,14.000000,14.000000,0.004087,0.000003,0.053531,0.268104,calls/second,milliseconds
1780305963,3,14.000000,9.645054,4.000000,4.189152,11.000000,14.000000,14.000000,14.000000,14.000000,14.000000,0.004081,0.000003,0.052646,0.266618,calls/second,milliseconds
1780305964,3,14.000000,9.645054,4.000000,4.189152,11.000000,14.000000,14.000000,14.000000,14.000000,14.000000,0.004076,0.000003,0.052646,0.266618,calls/second,milliseconds
1780305965,3,14.000000,9.645054,4.000000,4.189152,11.000000,14.000000,14.000000,14.000000,14.000000,14.000000,0.004070,0.000003,0.052646,0.266618,calls/second,milliseconds
1780305966,3,14.000000,9.645054,4.000000,4.189152,11.000000,14.000000,14.000000,14.000000,14.000000,14.000000,0.004065,0.000003,0.052646,0.266618,calls/second,milliseconds
1780305967,3,14.000000,9.645054,4.000000,4.189152,11.000000,14.000000,14.000000,14.000000,14.000000,14.000000,0.004059,0.000003,0.052646,0.266618,calls/second,milliseconds
1780305968,3,14.000000,9.645054,4.000000,4.189152,11.000000,14.000000,14.000000,14.000000,14.000000,14.000000,0.004054,0.000003,0.051776,0.265141,calls/second,milliseconds
1780305969,3,14.000000,9.645054,4.000000,4.189152,11.000000,14.000000,14.000000,14.000000,14.000000,14.000000,0.004048,0.000003,0.051776,0.265141,calls/second,milliseconds
1780305970,3,14.000000,9.645054,4.000000,4.189152,11.000000,14.000000,14.000000,14.000000,14.000000,14.000000,0.004043,0.000003,0.051776,0.265141,calls/second,milliseconds
1780305971,3,14.000000,9.645054,4.000000,4.189152,11.000000,14.000000,14.000000,14.000000,14.000000,14.000000,0.004037,0.000003,0.051776,0.265141,calls/second,milliseconds
1780305972,3,14.000000,9.645054,4.000000,4.189152,11.000000,14.000000,14.000000,14.000000,14.000000,14.000000,0.004032,0.000003,0.051776,0.265141,calls/second,milliseconds
1780305973,3,14.000000,9.645054,4.000000,4.189152,11.000000,14.000000,14.000000,14.000000,14.000000,14.000000,0.004026,0.000003,0.050920,0.263672,calls/second,milliseconds
1780305974,3,14.000000,9.645054,4.000000,4.189152,11.000000,14.000000,14.000000,14.000000,14.000000,14.000000,0.004021,0.000003,0.050920,0.263672,calls/second,milliseconds
1780305975,3,14.000000,9.645054,4.000000,4.189152,11.000000,14.000000,14.000000,14.000000,14.000000,14.000000,0.004015,0.000003,0.050920,0.263672,calls/second,milliseconds
1780305976,3,14.000000,9.645054,4.000000,4.189152,11.000000,14.000000,14.000000,14.000000,14.000000,14.000000,0.004010,0.000003,0.050920,0.263672,calls/second,milliseconds
1780305977,3,14.000000,9.645054,4.000000,4.189152,11.000000,14.000000,14.000000,14.000000,14.000000,14.000000,0.004005,0.000003,0.050920,0.263672,calls/second,milliseconds
1780305978,3,14.000000,9.645054,4.000000,4.189152,11.000000,14.000000,14.000000,14.000000,14.000000,14.000000,0.003999,0.000002,0.050079,0.262212,calls/second,milliseconds
1780305979,3,14.000000,9.645054,4.000000,4.189152,11.000000,14.000000,14.000000,14.000000,14.000000,14.000000,0.003994,0.000002,0.050079,0.262212,calls/second,milliseconds
1780305980,3,14.000000,9.645054,4.000000,4.189152,11.000000,14.000000,14.000000,14.000000,14.000000,14.000000,0.003989,0.000002,0.050079,0.262212,calls/second,milliseconds
1780305981,3,14.000000,9.645054,4.000000,4.189152,11.000000,14.000000,14.000000,14.000000,14.000000,14.000000,0.003983,0.000002,0.050079,0.262212,calls/second,milliseconds
1780305982,3,14.000000,9.645054,4.000000,4.189152,11.000000,14.000000,14.000000,14.000000,14.000000,14.000000,0.003978,0.000002,0.050079,0.262212,calls/second,milliseconds
1780305983,3,14.000000,9.645054,4.000000,4.189152,11.000000,14.000000,14.000000,14.000000,14.000000,14.000000,0.003973,0.000002,0.049251,0.260759,calls/second,milliseconds
1780305984,3,14.000000,9.645054,4.000000,4.189152,11.000000,14.000000,14.000000,14.000000,14.000000,14.000000,0.003968,0.000002,0.049251,0.260759,calls/second,milliseconds
1780305985,3,14.000000,9.645054,4.000000,4.189152,11.000000,14.000000,14.000000,14.000000,14.000000,14.000000,0.003962,0.000002,0.049251,0.260759,calls/second,milliseconds
1780305986,3,14.000000,9.645054,4.000000,4.189152,11.000000,14.000000,14.000000,14.000000,14.000000,14.000000,0.003957,0.000002,0.049251,0.260759,calls/second,milliseconds
1780305987,3,14.000000,9.645054,4.000000,4.189152,11.000000,14.000000,14.000000,14.000000,14.000000,14.000000,0.003952,0.000002,0.049251,0.260759,calls/second,milliseconds
1780305988,3,14.000000,9.645054,4.000000,4.189152,11.000000,14.000000,14.000000,14.000000,14.000000,14.000000,0.003947,0.000002,0.048437,0.259314,calls/second,milliseconds
1780305989,3,14.000000,9.645054,4.000000,4.189152,11.000000,14.000000,14.000000,14.000000,14.000000,14.000000,0.003941,0.000002,0.048437,0.259314,calls/second,milliseconds
1780305990,3,14.000000,9.645054,4.000000,4.189152,11.000000,14.000000,14.000000,14.000000,14.000000,14.000000,0.003936,0.000002,0.048437,0.259314,calls/second,milliseconds
1780305991,3,14.000000,9.645054,4.000000,4.189152,11.000000,14.000000,14.000000,14.000000,14.000000,14.000000,0.003931,0.000002,0.048437,0.259314,calls/second,milliseconds
1780305992,3,14.000000,9.645054,4.000000,4.189152,11.000000,14.000000,14.000000,14.000000,14.000000,14.000000,0.003926,0.000002,0.048437,0.259314,calls/second,milliseconds
1780305993,3,14.000000,9.645054,4.000000,4.189152,11.000000,14.000000,14.000000,14.000000,14.000000,14.000000,0.003921,0.000002,0.047636,0.257878,calls/second,milliseconds
1780305994,3,14.000000,9.645054,4.000000,4.189152,11.000000,14.000000,14.000000,14.000000,14.000000,14.000000,0.003916,0.000002,0.047636,0.257878,calls/second,milliseconds
1780305995,3,14.000000,9.645054,4.000000,4.189152,11.000000,14.000000,14.000000,14.000000,14.000000,14.000000,0.003911,0.000002,0.047636,0.257878,calls/second,milliseconds
1780305996,3,14.000000,9.645054,4.000000,4.189152,11.000000,14.000000,14.000000,14.000000,14.000000,14.000000,0.003905,0.000002,0.047636,0.257878,calls/second,milliseconds
1780305997,3,14.000000,9.645054,4.000000,4.189152,11.000000,14.000000,14.000000,14.000000,14.000000,14.000000,0.003900,0.000002,0.047636,0.257878,calls/second,milliseconds
1780305998,3,14.000000,9.645054,4.000000,4.189152,11.000000,14.000000,14.000000,14.000000,14.000000,14.000000,0.003895,0.000002,0.046849,0.256449,calls/second,milliseconds
1780305999,3,14.000000,9.645054,4.000000,4.189152,11.000000,14.000000,14.000000,14.000000,14.000000,14.000000,0.003890,0.000002,0.046849,0.256449,calls/second,milliseconds
1780306000,3,14.000000,9.645054,4.000000,4.189152,11.000000,14.000000,14.000000,14.000000,14.000000,14.000000,0.003885,0.000002,0.046849,0.256449,calls/second,milliseconds
1780306001,3,14.000000,9.645054,4.000000,4.189152,11.000000,14.000000,14.000000,14.000000,14.000000,14.000000,0.003880,0.000002,0.046849,0.256449,calls/second,milliseconds
1780306002,3,14.000000,9.645054,4.000000,4.189152,11.000000,14.000000,14.000000,14.000000,14.000000,14.000000,0.003875,0.000002,0.046849,0.256449,calls/second,milliseconds
1780306003,3,14.000000,9.645054,4.000000,4.189152,11.000000,14.000000,14.000000,14.000000,14.000000,14.000000,0.003870,0.000002,0.046075,0.255028,calls/second,milliseconds
1780306004,3,14.000000,9.645054,4.000000,4.189152,11.000000,14.000000,14.000000,14.000000,14.000000,14.000000,0.003865,0.000002,0.046075,0.255028,calls/second,milliseconds
1780306005,3,14.000000,9.645054,4.000000,4.189152,11.000000,14.000000,14.000000,14.000000,14.000000,14.000000,0.003860,0.000002,0.046075,0.255028,calls/second,milliseconds
1780306006,3,14.000000,9.645054,4.000000,4.189152,11.000000,14.000000,14.000000,14.000000,14.000000,14.000000,0.003855,0.000002,0.046075,0.255028,calls/second,milliseconds
1780306007,3,14.000000,9.645054,4.000000,4.189152,11.000000,14.000000,14.000000,14.000000,14.000000,14.000000,0.003850,0.000002,0.046075,0.255028,calls/second,milliseconds
1780306008,3,14.000000,9.645054,4.000000,4.189152,11.000000,14.000000,14.000000,14.000000,14.000000,14.000000,0.003845,0.000001,0.045313,0.253615,calls/second,milliseconds
1780306009,3,14.000000,9.645054,4.000000,4.189152,11.000000,14.000000,14.000000,14.000000,14.000000,14.000000,0.003840,0.000001,0.045313,0.253615,calls/second,milliseconds
1780306010,3,14.000000,9.645054,4.000000,4.189152,11.000000,14.000000,14.000000,14.000000,14.000000,14.000000,0.003835,0.000001,0.045313,0.253615,calls/second,milliseconds
1780306011,3,14.000000,9.645054,4.000000,4.189152,11.000000,14.000000,14.000000,14.000000,14.000000,14.000000,0.003831,0.000001,0.045313,0.253615,calls/second,milliseconds
1780306012,3,14.000000,9.645054,4.000000,4.189152,11.000000,14.000000,14.000000,14.000000,14.000000,14.000000,0.003826,0.000001,0.045313,0.253615,calls/second,milliseconds
1780306013,3,14.000000,9.645054,4.000000,4.189152,11.000000,14.000000,14.000000,14.000000,14.000000,14.000000,0.003821,0.000001,0.044564,0.252210,calls/second,milliseconds
1780306014,3,14.000000,9.645054,4.000000,4.189152,11.000000,14.000000,14.000000,14.000000,14.000000,14.000000,0.003816,0.000001,0.044564,0.252210,calls/second,milliseconds
1780306015,3,14.000000,9.645054,4.000000,4.189152,11.000000,14.000000,14.000000,14.000000,14.000000,14.000000,0.003811,0.000001,0.044564,0.252210,calls/second,milliseconds
1780306016,3,14.000000,9.645054,4.000000,4.189152,11.000000,14.000000,14.000000,14.000000,14.000000,14.000000,0.003806,0.000001,0.044564,0.252210,calls/second,milliseconds
1780306017,3,14.000000,9.645054,4.000000,4.189152,11.000000,14.000000,14.000000,14.000000,14.000000,14.000000,0.003801,0.000001,0.044564,0.252210,calls/second,milliseconds
1780306018,3,14.000000,9.645054,4.000000,4.189152,11.000000,14.000000,14.000000,14.000000,14.000000,14.000000,0.003797,0.000001,0.043828,0.250813,calls/second,milliseconds
1780306019,3,14.000000,9.645054,4.000000,4.189152,11.000000,14.000000,14.000000,14.000000,14.000000,14.000000,0.003792,0.000001,0.043828,0.250813,calls/second,milliseconds
1780306020,3,14.000000,9.645054,4.000000,4.189152,11.000000,14.000000,14.000000,14.000000,14.000000,14.000000,0.003787,0.000001,0.043828,0.250813,calls/second,milliseconds
1780306021,3,14.000000,9.645054,4.000000,4.189152,11.000000,14.000000,14.000000,14.000000,14.000000,14.000000,0.003782,0.000001,0.043828,0.250813,calls/second,milliseconds
1780306022,3,14.000000,9.645054,4.000000,4.189152,11.000000,14.000000,14.000000,14.000000,14.000000,14.000000,0.003777,0.000001,0.043828,0.250813,calls/second,milliseconds
1780306023,3,14.000000,9.645054,4.000000,4.189152,11.000000,14.000000,14.000000,14.000000,14.000000,14.000000,0.003773,0.000001,0.043103,0.249423,calls/second,milliseconds
1780306024,3,14.000000,9.645054,4.000000,4.189152,11.000000,14.000000,14.000000,14.000000,14.000000,14.000000,0.003768,0.000001,0.043103,0.249423,calls/second,milliseconds
1780306025,3,14.000000,9.645054,4.000000,4.189152,11.000000,14.000000,14.000000,14.000000,14.000000,14.000000,0.003763,0.000001,0.043103,0.249423,calls/second,milliseconds
1780306026,3,14.000000,9.645054,4.000000,4.189152,11.000000,14.000000,14.000000,14.000000,14.000000,14.000000,0.003758,0.000001,0.043103,0.249423,calls/second,milliseconds
1780306027,3,14.000000,9.645054,4.000000,4.189152,11.000000,14.000000,14.000000,14.000000,14.000000,14.000000,0.003754,0.000001,0.043103,0.249423,calls/second,milliseconds
1780306028,3,14.000000,9.645054,4.000000,4.189152,11.000000,14.000000,14.000000,14.000000,14.000000,14.000000,0.003749,0.000001,0.042391,0.248042,calls/second,milliseconds
1780306029,3,14.000000,9.645054,4.000000,4.189152,11.000000,14.000000,14.000000,14.000000,14.000000,14.000000,0.003744,0.000001,0.042391,0.248042,calls/second,milliseconds
1780306030,3,14.000000,9.645054,4.000000,4.189152,11.000000,14.000000,14.000000,14.000000,14.000000,14.000000,0.003740,0.000001,0.042391,0.248042,calls/second,milliseconds
1780306031,3,14.000000,9.645054,4.000000,4.189152,11.000000,14.000000,14.000000,14.000000,14.000000,14.000000,0.003735,0.000001,0.042391,0.248042,calls/second,milliseconds
1780306032,3,14.000000,9.645054,4.000000,4.189152,11.000000,14.000000,14.000000,14.000000,14.000000,14.000000,0.003730,0.000001,0.042391,0.248042,calls/second,milliseconds
1780306033,3,14.000000,9.645054,4.000000,4.189152,11.000000,14.000000,14.000000,14.000000,14.000000,14.000000,0.003726,0.000001,0.041690,0.246667,calls/second,milliseconds
1780306034,3,14.000000,9.645054,4.000000,4.189152,11.000000,14.000000,14.000000,14.000000,14.000000,14.000000,0.003721,0.000001,0.041690,0.246667,calls/second,milliseconds
1780306035,3,14.000000,9.645054,4.000000,4.189152,11.000000,14.000000,14.000000,14.000000,14.000000,14.000000,0.003716,0.000001,0.041690,0.246667,calls/second,milliseconds
1780306036,3,14.000000,9.645054,4.000000,4.189152,11.000000,14.000000,14.000000,14.000000,14.000000,14.000000,0.003712,0.000001,0.041690,0.246667,calls/second,milliseconds
1780306037,3,14.000000,9.645054,4.000000,4.189152,11.000000,14.000000,14.000000,14.000000,14.000000,14.000000,0.003707,0.000001,0.041690,0.246667,calls/second,milliseconds
1780306038,3,14.000000,9.645054,4.000000,4.189152,11.000000,14.000000,14.000000,14.000000,14.000000,14.000000,0.003703,0.000001,0.041001,0.245301,calls/second,milliseconds
1780306039,3,14.000000,9.645054,4.000000,4.189152,11.000000,14.000000,14.000000,14.000000,14.000000,14.000000,0.003698,0.000001,0.041001,0.245301,calls/second,milliseconds
1780306040,3,14.000000,9.645054,4.000000,4.189152,11.000000,14.000000,14.000000,14.000000,14.000000,14.000000,0.003693,0.000001,0.041001,0.245301,calls/second,milliseconds
1780306041,3,14.000000,9.645054,4.000000,4.189152,11.000000,14.000000,14.000000,14.000000,14.000000,14.000000,0.003689,0.000001,0.041001,0.245301,calls/second,milliseconds
1780306042,3,14.000000,9.645054,4.000000,4.189152,11.000000,14.000000,14.000000,14.000000,14.000000,14.000000,0.003684,0.000001,0.041001,0.245301,calls/second,milliseconds
1780306043,3,14.000000,9.645054,4.000000,4.189152,11.000000,14.000000,14.000000,14.000000,14.000000,14.000000,0.003680,0.000001,0.040323,0.243942,calls/second,milliseconds
1780306044,3,14.000000,9.645054,4.000000,4.189152,11.000000,14.000000,14.000000,14.000000,14.000000,14.000000,0.003675,0.000001,0.040323,0.243942,calls/second,milliseconds
1780306045,3,14.000000,9.645054,4.000000,4.189152,11.000000,14.000000,14.000000,14.000000,14.000000,14.000000,0.003671,0.000001,0.040323,0.243942,calls/second,milliseconds
1780306046,3,14.000000,9.645054,4.000000,4.189152,11.000000,14.000000,14.000000,14.000000,14.000000,14.000000,0.003666,0.000001,0.040323,0.243942,calls/second,milliseconds
1780306047,3,14.000000,9.645054,4.000000,4.189152,11.000000,14.000000,14.000000,14.000000,14.000000,14.000000,0.003662,0.000001,0.040323,0.243942,calls/second,milliseconds
1780306048,3,14.000000,9.645054,4.000000,4.189152,11.000000,14.000000,14.000000,14.000000,14.000000,14.000000,0.003657,0.000001,0.039657,0.242590,calls/second,milliseconds
1780306049,3,14.000000,9.645054,4.000000,4.189152,11.000000,14.000000,14.000000,14.000000,14.000000,14.000000,0.003653,0.000001,0.039657,0.242590,calls/second,milliseconds
1780306050,3,14.000000,9.645054,4.000000,4.189152,11.000000,14.000000,14.000000,14.000000,14.000000,14.000000,0.003648,0.000001,0.039657,0.242590,calls/second,milliseconds
1780306051,3,14.000000,9.645054,4.000000,4.189152,11.000000,14.000000,14.000000,14.000000,14.000000,14.000000,0.003644,0.000001,0.039657,0.242590,calls/second,milliseconds
1780306052,3,14.000000,9.645054,4.000000,4.189152,11.000000,14.000000,14.000000,14.000000,14.000000,14.000000,0.003640,0.000001,0.039657,0.242590,calls/second,milliseconds
1780306053,3,14.000000,9.645054,4.000000,4.189152,11.000000,14.000000,14.000000,14.000000,14.000000,14.000000,0.003635,0.000001,0.039001,0.241246,calls/second,milliseconds
1780306054,3,14.000000,9.645054,4.000000,4.189152,11.000000,14.000000,14.000000,14.000000,14.000000,14.000000,0.003631,0.000001,0.039001,0.241246,calls/second,milliseconds
1780306055,3,14.000000,9.645054,4.000000,4.189152,11.000000,14.000000,14.000000,14.000000,14.000000,14.000000,0.003626,0.000001,0.039001,0.241246,calls/second,milliseconds
1780306056,3,14.000000,9.645054,4.000000,4.189152,11.000000,14.000000,14.000000,14.000000,14.000000,14.000000,0.003622,0.000001,0.039001,0.241246,calls/second,milliseconds
1780306057,3,14.000000,9.645054,4.000000,4.189152,11.000000,14.000000,14.000000,14.000000,14.000000,14.000000,0.003618,0.000001,0.039001,0.241246,calls/second,milliseconds
1780306058,3,14.000000,9.645054,4.000000,4.189152,11.000000,14.000000,14.000000,14.000000,14.000000,14.000000,0.003613,0.000001,0.038357,0.239910,calls/second,milliseconds
1780306059,3,14.000000,9.645054,4.000000,4.189152,11.000000,14.000000,14.000000,14.000000,14.000000,14.000000,0.003609,0.000001,0.038357,0.239910,calls/second,milliseconds
1780306060,3,14.000000,9.645054,4.000000,4.189152,11.000000,14.000000,14.000000,14.000000,14.000000,14.000000,0.003605,0.000001,0.038357,0.239910,calls/second,milliseconds
1780306061,3,14.000000,9.645054,4.000000,4.189152,11.000000,14.000000,14.000000,14.000000,14.000000,14.000000,0.003600,0.000001,0.038357,0.239910,calls/second,milliseconds
1780306062,3,14.000000,9.645054,4.000000,4.189152,11.000000,14.000000,14.000000,14.000000,14.000000,14.000000,0.003596,0.000001,0.038357,0.239910,calls/second,milliseconds
1780306063,3,14.000000,9.645054,4.000000,4.189152,11.000000,14.000000,14.000000,14.000000,14.000000,14.000000,0.003592,0.000001,0.037723,0.238581,calls/second,milliseconds
1780306064,3,14.000000,9.645054,4.000000,4.189152,11.000000,14.000000,14.000000,14.000000,14.000000,14.000000,0.003587,0.000001,0.037723,0.238581,calls/second,milliseconds
1780306065,3,14.000000,9.645054,4.000000,4.189152,11.000000,14.000000,14.000000,14.000000,14.000000,14.000000,0.003583,0.000001,0.037723,0.238581,calls/second,milliseconds
1780306066,3,14.000000,9.645054,4.000000,4.189152,11.000000,14.000000,14.000000,14.000000,14.000000,14.000000,0.003579,0.000001,0.037723,0.238581,calls/second,milliseconds
1780306067,3,14.000000,9.645054,4.000000,4.189152,11.000000,14.000000,14.000000,14.000000,14.000000,14.000000,0.003574,0.000001,0.037723,0.238581,calls/second,milliseconds
1780306068,3,14.000000,9.645054,4.000000,4.189152,11.000000,14.000000,14.000000,14.000000,14.000000,14.000000,0.003570,0.000001,0.037099,0.237259,calls/second,milliseconds
1780306069,3,14.000000,9.645054,4.000000,4.189152,11.000000,14.000000,14.000000,14.000000,14.000000,14.000000,0.003566,0.000001,0.037099,0.237259,calls/second,milliseconds
1780306070,3,14.000000,9.645054,4.000000,4.189152,11.000000,14.000000,14.000000,14.000000,14.000000,14.000000,0.003562,0.000001,0.037099,0.237259,calls/second,milliseconds
1780306071,3,14.000000,9.645054,4.000000,4.189152,11.000000,14.000000,14.000000,14.000000,14.000000,14.000000,0.003557,0.000001,0.037099,0.237259,calls/second,milliseconds
1780306072,3,14.000000,9.645054,4.000000,4.189152,11.000000,14.000000,14.000000,14.000000,14.000000,14.000000,0.003553,0.000001,0.037099,0.237259,calls/second,milliseconds
1780306073,3,14.000000,9.645054,4.000000,4.189152,11.000000,14.000000,14.000000,14.000000,14.000000,14.000000,0.003549,0.000000,0.036486,0.235944,calls/second,milliseconds
1780306074,3,14.000000,9.645054,4.000000,4.189152,11.000000,14.000000,14.000000,14.000000,14.000000,14.000000,0.003545,0.000000,0.036486,0.235944,calls/second,milliseconds
1780306075,3,14.000000,9.645054,4.000000,4.189152,11.000000,14.000000,14.000000,14.000000,14.000000,14.000000,0.003541,0.000000,0.036486,0.235944,calls/second,milliseconds
1780306076,3,14.000000,9.645054,4.000000,4.189152,11.000000,14.000000,14.000000,14.000000,14.000000,14.000000,0.003536,0.000000,0.036486,0.235944,calls/second,milliseconds
1780306077,3,14.000000,9.645054,4.000000,4.189152,11.000000,14.000000,14.000000,14.000000,14.000000,14.000000,0.003532,0.000000,0.036486,0.235944,calls/second,milliseconds
1780306078,3,14.000000,9.645054,4.000000,4.189152,11.000000,14.000000,14.000000,14.000000,14.000000,14.000000,0.003528,0.000000,0.035883,0.234637,calls/second,milliseconds
1780306079,3,14.000000,9.645054,4.000000,4.189152,11.000000,14.000000,14.000000,14.000000,14.000000,14.000000,0.003524,0.000000,0.035883,0.234637,calls/second,milliseconds
1780306080,3,14.000000,9.645054,4.000000,4.189152,11.000000,14.000000,14.000000,14.000000,14.000000,14.000000,0.003520,0.000000,0.035883,0.234637,calls/second,milliseconds
1780306081,3,14.000000,9.645054,4.000000,4.189152,11.000000,14.000000,14.000000,14.000000,14.000000,14.000000,0.003516,0.000000,0.035883,0.234637,calls/second,milliseconds
1780306082,3,14.000000,9.645054,4.000000,4.189152,11.000000,14.000000,14.000000,14.000000,14.000000,14.000000,0.003511,0.000000,0.035883,0.234637,calls/second,milliseconds
1780306083,3,14.000000,9.645054,4.000000,4.189152,11.000000,14.000000,14.000000,14.000000,14.000000,14.000000,0.003507,0.000000,0.035290,0.233337,calls/second,milliseconds
1780306084,3,14.000000,9.645054,4.000000,4.189152,11.000000,14.000000,14.000000,14.000000,14.000000,14.000000,0.003503,0.000000,0.035290,0.233337,calls/second,milliseconds
1780306085,3,14.000000,9.645054,4.000000,4.189152,11.000000,14.000000,14.000000,14.000000,14.000000,14.000000,0.003499,0.000000,0.035290,0.233337,calls/second,milliseconds
1780306086,3,14.000000,9.645054,4.000000,4.189152,11.000000,14.000000,14.000000,14.000000,14.000000,14.000000,0.003495,0.000000,0.035290,0.233337,calls/second,milliseconds
1780306087,3,14.000000,9.645054,4.000000,4.189152,11.000000,14.000000,14.000000,14.000000,14.000000,14.000000,0.003491,0.000000,0.035290,0.233337,calls/second,milliseconds
1780306088,3,14.000000,9.645054,4.000000,4.189152,11.000000,14.000000,14.000000,14.000000,14.000000,14.000000,0.003487,0.000000,0.034707,0.232045,calls/second,milliseconds
1780306089,3,14.000000,9.645054,4.000000,4.189152,11.000000,14.000000,14.000000,14.000000,14.000000,14.000000,0.003483,0.000000,0.034707,0.232045,calls/second,milliseconds
1780306090,3,14.000000,9.645054,4.000000,4.189152,11.000000,14.000000,14.000000,14.000000,14.000000,14.000000,0.003479,0.000000,0.034707,0.232045,calls/second,milliseconds
1780306091,3,14.000000,9.645054,4.000000,4.189152,11.000000,14.000000,14.000000,14.000000,14.000000,14.000000,0.003475,0.000000,0.034707,0.232045,calls/second,milliseconds
1780306092,3,14.000000,9.645054,4.000000,4.189152,11.000000,14.000000,14.000000,14.000000,14.000000,14.000000,0.003471,0.000000,0.034707,0.232045,calls/second,milliseconds
1780306093,3,14.000000,9.645054,4.000000,4.189152,11.000000,14.000000,14.000000,14.000000,14.000000,14.000000,0.003467,0.000000,0.034133,0.230759,calls/second,milliseconds
1780306094,3,14.000000,9.645054,4.000000,4.189152,11.000000,14.000000,14.000000,14.000000,14.000000,14.000000,0.003463,0.000000,0.034133,0.230759,calls/second,milliseconds
1780306095,3,14.000000,9.645054,4.000000,4.189152,11.000000,14.000000,14.000000,14.000000,14.000000,14.000000,0.003459,0.000000,0.034133,0.230759,calls/second,milliseconds
1780306096,3,14.000000,9.645054,4.000000,4.189152,11.000000,14.000000,14.000000,14.000000,14.000000,14.000000,0.003455,0.000000,0.034133,0.230759,calls/second,milliseconds
1780306097,3,14.000000,9.645054,4.000000,4.189152,11.000000,14.000000,14.000000,14.000000,14.000000,14.000000,0.003451,0.000000,0.034133,0.230759,calls/second,milliseconds
1780306098,3,14.000000,9.645054,4.000000,4.189152,11.000000,14.000000,14.000000,14.000000,14.000000,14.000000,0.003447,0.000000,0.033569,0.229481,calls/second,milliseconds
1780306099,3,14.000000,9.645054,4.000000,4.189152,11.000000,14.000000,14.000000,14.000000,14.000000,14.000000,0.003443,0.000000,0.033569,0.229481,calls/second,milliseconds
1780306100,3,14.000000,9.645054,4.000000,4.189152,11.000000,14.000000,14.000000,14.000000,14.000000,14.000000,0.003439,0.000000,0.033569,0.229481,calls/second,milliseconds
1780306101,3,14.000000,9.645054,4.000000,4.189152,11.000000,14.000000,14.000000,14.000000,14.000000,14.000000,0.003435,0.000000,0.033569,0.229481,calls/second,milliseconds
1780306102,3,14.000000,9.645054,4.000000,4.189152,11.000000,14.000000,14.000000,14.000000,14.000000,14.000000,0.003431,0.000000,0.033569,0.229481,calls/second,milliseconds
1780306103,3,14.000000,9.645054,4.000000,4.189152,11.000000,14.000000,14.000000,14.000000,14.000000,14.000000,0.003427,0.000000,0.033014,0.228209,calls/second,milliseconds
1780306104,3,14.000000,9.645054,4.000000,4.189152,11.000000,14.000000,14.000000,14.000000,14.000000,14.000000,0.003423,0.000000,0.033014,0.228209,calls/second,milliseconds
1780306105,3,14.000000,9.645054,4.000000,4.189152,11.000000,14.000000,14.000000,14.000000,14.000000,14.000000,0.003419,0.000000,0.033014,0.228209,calls/second,milliseconds
1780306106,3,14.000000,9.645054,4.000000,4.189152,11.000000,14.000000,14.000000,14.000000,14.000000,14.000000,0.003415,0.000000,0.033014,0.228209,calls/second,milliseconds
1780306107,3,14.000000,9.645054,4.000000,4.189152,11.000000,14.000000,14.000000,14.000000,14.000000,14.000000,0.003411,0.000000,0.033014,0.228209,calls/second,milliseconds
1780306108,3,14.000000,9.645054,4.000000,4.189152,11.000000,14.000000,14.000000,14.000000,14.000000,14.000000,0.003408,0.000000,0.032468,0.226945,calls/second,milliseconds
1780306109,3,14.000000,9.645054,4.000000,4.189152,11.000000,14.000000,14.000000,14.000000,14.000000,14.000000,0.003404,0.000000,0.032468,0.226945,calls/second,milliseconds
1780306110,3,14.000000,9.645054,4.000000,4.189152,11.000000,14.000000,14.000000,14.000000,14.000000,14.000000,0.003400,0.000000,0.032468,0.226945,calls/second,milliseconds
1780306111,3,14.000000,9.645054,4.000000,4.189152,11.000000,14.000000,14.000000,14.000000,14.000000,14.000000,0.003396,0.000000,0.032468,0.226945,calls/second,milliseconds
1780306112,3,14.000000,9.645054,4.000000,4.189152,11.000000,14.000000,14.000000,14.000000,14.000000,14.000000,0.003392,0.000000,0.032468,0.226945,calls/second,milliseconds
1780306113,3,14.000000,9.645054,4.000000,4.189152,11.000000,14.000000,14.000000,14.000000,14.000000,14.000000,0.003388,0.000000,0.031932,0.225688,calls/second,milliseconds
1780306114,3,14.000000,9.645054,4.000000,4.189152,11.000000,14.000000,14.000000,14.000000,14.000000,14.000000,0.003384,0.000000,0.031932,0.225688,calls/second,milliseconds
1780306115,3,14.000000,9.645054,4.000000,4.189152,11.000000,14.000000,14.000000,14.000000,14.000000,14.000000,0.003381,0.000000,0.031932,0.225688,calls/second,milliseconds
1780306116,3,14.000000,9.645054,4.000000,4.189152,11.000000,14.000000,14.000000,14.000000,14.000000,14.000000,0.003377,0.000000,0.031932,0.225688,calls/second,milliseconds
1780306117,3,14.000000,9.645054,4.000000,4.189152,11.000000,14.000000,14.000000,14.000000,14.000000,14.000000,0.003373,0.000000,0.031932,0.225688,calls/second,milliseconds
1780306118,3,14.000000,9.645054,4.000000,4.189152,11.000000,14.000000,14.000000,14.000000,14.000000,14.000000,0.003369,0.000000,0.031404,0.224437,calls/second,milliseconds
1780306119,3,14.000000,9.645054,4.000000,4.189152,11.000000,14.000000,14.000000,14.000000,14.000000,14.000000,0.003365,0.000000,0.031404,0.224437,calls/second,milliseconds
1780306120,3,14.000000,9.645054,4.000000,4.189152,11.000000,14.000000,14.000000,14.000000,14.000000,14.000000,0.003362,0.000000,0.031404,0.224437,calls/second,milliseconds
1780306121,3,14.000000,9.645054,4.000000,4.189152,11.000000,14.000000,14.000000,14.000000,14.000000,14.000000,0.003358,0.000000,0.031404,0.224437,calls/second,milliseconds
1780306122,3,14.000000,9.645054,4.000000,4.189152,11.000000,14.000000,14.000000,14.000000,14.000000,14.000000,0.003354,0.000000,0.031404,0.224437,calls/second,milliseconds
1780306123,3,14.000000,9.645054,4.000000,4.189152,11.000000,14.000000,14.000000,14.000000,14.000000,14.000000,0.003350,0.000000,0.030885,0.223194,calls/second,milliseconds
1780306124,3,14.000000,9.645054,4.000000,4.189152,11.000000,14.000000,14.000000,14.000000,14.000000,14.000000,0.003347,0.000000,0.030885,0.223194,calls/second,milliseconds
1780306125,3,14.000000,9.645054,4.000000,4.189152,11.000000,14.000000,14.000000,14.000000,14.000000,14.000000,0.003343,0.000000,0.030885,0.223194,calls/second,milliseconds
1780306126,3,14.000000,9.645054,4.000000,4.189152,11.000000,14.000000,14.000000,14.000000,14.000000,14.000000,0.003339,0.000000,0.030885,0.223194,calls/second,milliseconds
1780306127,3,14.000000,9.645054,4.000000,4.189152,11.000000,14.000000,14.000000,14.000000,14.000000,14.000000,0.003335,0.000000,0.030885,0.223194,calls/second,milliseconds
1780306128,3,14.000000,9.645054,4.000000,4.189152,11.000000,14.000000,14.000000,14.000000,14.000000,14.000000,0.003332,0.000000,0.030374,0.221957,calls/second,milliseconds
1780306129,3,14.000000,9.645054,4.000000,4.189152,11.000000,14.000000,14.000000,14.000000,14.000000,14.000000,0.003328,0.000000,0.030374,0.221957,calls/second,milliseconds
1780306130,3,14.000000,9.645054,4.000000,4.189152,11.000000,14.000000,14.000000,14.000000,14.000000,14.000000,0.003324,0.000000,0.030374,0.221957,calls/second,milliseconds
1780306131,3,14.000000,9.645054,4.000000,4.189152,11.000000,14.000000,14.000000,14.000000,14.000000,14.000000,0.003321,0.000000,0.030374,0.221957,calls/second,milliseconds
1780306132,3,14.000000,9.645054,4.000000,4.189152,11.000000,14.000000,14.000000,14.000000,14.000000,14.000000,0.003317,0.000000,0.030374,0.221957,calls/second,milliseconds
1780306133,3,14.000000,9.645054,4.000000,4.189152,11.000000,14.000000,14.000000,14.000000,14.000000,14.000000,0.003313,0.000000,0.029872,0.220728,calls/second,milliseconds
1780306134,3,14.000000,9.645054,4.000000,4.189152,11.000000,14.000000,14.000000,14.000000,14.000000,14.000000,0.003310,0.000000,0.029872,0.220728,calls/second,milliseconds
1780306135,3,14.000000,9.645054,4.000000,4.189152,11.000000,14.000000,14.000000,14.000000,14.000000,14.000000,0.003306,0.000000,0.029872,0.220728,calls/second,milliseconds
1780306136,3,14.000000,9.645054,4.000000,4.189152,11.000000,14.000000,14.000000,14.000000,14.000000,14.000000,0.003302,0.000000,0.029872,0.220728,calls/second,milliseconds
1780306137,3,14.000000,9.645054,4.000000,4.189152,11.000000,14.000000,14.000000,14.000000,14.000000,14.000000,0.003299,0.000000,0.029872,0.220728,calls/second,milliseconds
1780306138,3,14.000000,9.645054,4.000000,4.189152,11.000000,14.000000,14.000000,14.000000,14.000000,14.000000,0.003295,0.000000,0.029378,0.219505,calls/second,milliseconds
1780306139,3,14.000000,9.645054,4.000000,4.189152,11.000000,14.000000,14.000000,14.000000,14.000000,14.000000,0.003291,0.000000,0.029378,0.219505,calls/second,milliseconds
1780306140,3,14.000000,9.645054,4.000000,4.189152,11.000000,14.000000,14.000000,14.000000,14.000000,14.000000,0.003288,0.000000,0.029378,0.219505,calls/second,milliseconds
1780306141,3,14.000000,9.645054,4.000000,4.189152,11.000000,14.000000,14.000000,14.000000,14.000000,14.000000,0.003284,0.000000,0.029378,0.219505,calls/second,milliseconds
1780306142,3,14.000000,9.645054,4.000000,4.189152,11.000000,14.000000,14.000000,14.000000,14.000000,14.000000,0.003281,0.000000,0.029378,0.219505,calls/second,milliseconds
1780306143,3,14.000000,9.645054,4.000000,4.189152,11.000000,14.000000,14.000000,14.000000,14.000000,14.000000,0.003277,0.000000,0.028893,0.218289,calls/second,milliseconds
1780306144,3,14.000000,9.645054,4.000000,4.189152,11.000000,14.000000,14.000000,14.000000,14.000000,14.000000,0.003273,0.000000,0.028893,0.218289,calls/second,milliseconds
1780306145,3,14.000000,9.645054,4.000000,4.189152,11.000000,14.000000,14.000000,14.000000,14.000000,14.000000,0.003270,0.000000,0.028893,0.218289,calls/second,milliseconds
1780306146,3,14.000000,9.645054,4.000000,4.189152,11.000000,14.000000,14.000000,14.000000,14.000000,14.000000,0.003266,0.000000,0.028893,0.218289,calls/second,milliseconds
1780306147,3,14.000000,9.645054,4.000000,4.189152,11.000000,14.000000,14.000000,14.000000,14.000000,14.000000,0.003263,0.000000,0.028893,0.218289,calls/second,milliseconds
1780306148,3,14.000000,9.645054,4.000000,4.189152,11.000000,14.000000,14.000000,14.000000,14.000000,14.000000,0.003259,0.000000,0.028415,0.217079,calls/second,milliseconds
1780306149,3,14.000000,9.645054,4.000000,4.189152,11.000000,14.000000,14.000000,14.000000,14.000000,14.000000,0.003256,0.000000,0.028415,0.217079,calls/second,milliseconds
1780306150,3,14.000000,9.645054,4.000000,4.189152,11.000000,14.000000,14.000000,14.000000,14.000000,14.000000,0.003252,0.000000,0.028415,0.217079,calls/second,milliseconds
1780306151,3,14.000000,9.645054,4.000000,4.189152,11.000000,14.000000,14.000000,14.000000,14.000000,14.000000,0.003249,0.000000,0.028415,0.217079,calls/second,milliseconds
1780306152,3,14.000000,9.645054,4.000000,4.189152,11.000000,14.000000,14.000000,14.000000,14.000000,14.000000,0.003245,0.000000,0.028415,0.217079,calls/second,milliseconds
1780306153,3,14.000000,9.645054,4.000000,4.189152,11.000000,14.000000,14.000000,14.000000,14.000000,14.000000,0.003242,0.000000,0.027946,0.215877,calls/second,milliseconds
1780306154,3,14.000000,9.645054,4.000000,4.189152,11.000000,14.000000,14.000000,14.000000,14.000000,14.000000,0.003238,0.000000,0.027946,0.215877,calls/second,milliseconds
1780306155,3,14.000000,9.645054,4.000000,4.189152,11.000000,14.000000,14.000000,14.000000,14.000000,14.000000,0.003235,0.000000,0.027946,0.215877,calls/second,milliseconds
1780306156,3,14.000000,9.645054,4.000000,4.189152,11.000000,14.000000,14.000000,14.000000,14.000000,14.000000,0.003231,0.000000,0.027946,0.215877,calls/second,milliseconds
1780306157,3,14.000000,9.645054,4.000000,4.189152,11.000000,14.000000,14.000000,14.000000,14.000000,14.000000,0.003228,0.000000,0.027946,0.215877,calls/second,milliseconds
