t,count,max,mean,min,stddev,p50,p75,p95,p98,p99,p999,mean_rate,m1_rate,m5_rate,m15_rate,rate_unit,duration_unit
1780305591,1,448.089987,448.089987,448.089987,0.000000,448.089987,448.089987,448.089987,448.089987,448.089987,448.089987,2.571314,0.000000,0.000000,0.000000,calls/second,milliseconds
1780305592,1,448.089987,448.089987,448.089987,0.000000,448.089987,448.089987,448.089987,448.089987,448.089987,448.089987,0.717838,0.000000,0.000000,0.000000,calls/second,milliseconds
1780305593,1,448.089987,448.089987,448.089987,0.000000,448.089987,448.089987,448.089987,448.089987,448.089987,448.089987,0.417095,0.000000,0.000000,0.000000,calls/second,milliseconds
1780305594,1,448.089987,448.089987,448.089987,0.000000,448.089987,448.089987,448.089987,448.089987,448.089987,448.089987,0.294017,0.000000,0.000000,0.000000,calls/second,milliseconds
1780305595,1,448.089987,448.089987,448.089987,0.000000,448.089987,448.089987,448.089987,448.089987,448.089987,448.089987,0.227017,0.000000,0.000000,0.000000,calls/second,milliseconds
1780305596,1,448.089987,448.089987,448.089987,0.000000,448.089987,448.089987,448.089987,448.089987,448.089987,448.089987,0.184886,0.200000,0.200000,0.200000,calls/second,milliseconds
1780305597,1,448.089987,448.089987,448.089987,0.000000,448.089987,448.089987,448.089987,448.089987,448.089987,448.089987,0.155966,0.200000,0.200000,0.200000,calls/second,milliseconds
1780305598,1,448.089987,448.089987,448.089987,0.000000,448.089987,448.089987,448.089987,448.089987,448.089987,448.089987,0.134864,0.200000,0.200000,0.200000,calls/second,milliseconds
1780305599,1,448.089987,448.089987,448.089987,0.000000,448.089987,448.089987,448.089987,448.089987,448.089987,448.089987,0.118786,0.200000,0.200000,0.200000,calls/second,milliseconds
1780305600,1,448.089987,448.089987,448.089987,0.000000,448.089987,448.089987,448.089987,448.089987,448.089987,448.089987,0.106139,0.200000,0.200000,0.200000,calls/second,milliseconds
1780305601,1,448.089987,448.089987,448.089987,0.000000,448.089987,448.089987,448.089987,448.089987,448.089987,448.089987,0.095925,0.184009,0.196694,0.198892,calls/second,milliseconds
1780305602,1,448.089987,448.089987,448.089987,0.000000,448.089987,448.089987,448.089987,448.089987,448.089987,448.089987,0.087509,0.184009,0.196694,0.198892,calls/second,milliseconds
1780305603,1,448.089987,448.089987,448.089987,0.000000,448.089987,448.089987,448.089987,448.089987,448.089987,448.089987,0.080449,0.184009,0.196694,0.198892,calls/second,milliseconds
1780305604,1,448.089987,448.089987,448.089987,0.000000,448.089987,448.089987,448.089987,448.089987,448.089987,448.089987,0.074444,0.184009,0.196694,0.198892,calls/second,milliseconds
1780305605,1,448.089987,448.089987,448.089987,0.000000,448.089987,448.089987,448.089987,448.089987,448.089987,448.089987,0.069276,0.184009,0.196694,0.198892,calls/second,milliseconds
1780305606,1,448.089987,448.089987,448.089987,0.000000,448.089987,448.089987,448.089987,448.089987,448.089987,448.089987,0.064778,0.169296,0.193443,0.197790,calls/second,milliseconds
1780305607,1,448.089987,448.089987,448.089987,0.000000,448.089987,448.089987,448.089987,448.089987,448.089987,448.089987,0.060827,0.169296,0.193443,0.197790,calls/second,milliseconds
1780305608,1,448.089987,448.089987,448.089987,0.000000,448.089987,448.089987,448.089987,448.089987,448.089987,448.089987,0.057332,0.169296,0.193443,0.197790,calls/second,milliseconds
1780305609,1,448.089987,448.089987,448.089987,0.000000,448.089987,448.089987,448.089987,448.089987,448.089987,448.089987,0.054215,0.169296,0.193443,0.197790,calls/second,milliseconds
1780305610,1,448.089987,448.089987,448.089987,0.000000,448.089987,448.089987,448.089987,448.089987,448.089987,448.089987,0.051420,0.169296,0.193443,0.197790,calls/second,milliseconds
1780305611,1,448.089987,448.089987,448.089987,0.000000,448.089987,448.089987,448.089987,448.089987,448.089987,448.089987,0.048901,0.155760,0.190246,0.196694,calls/second,milliseconds
1780305612,1,448.089987,448.089987,448.089987,0.000000,448.089987,448.089987,448.089987,448.089987,448.089987,448.089987,0.046616,0.155760,0.190246,0.196694,calls/second,milliseconds
1780305613,1,448.089987,448.089987,448.089987,0.000000,448.089987,448.089987,448.089987,448.089987,448.089987,448.089987,0.044535,0.155760,0.190246,0.196694,calls/second,milliseconds
1780305614,1,448.089987,448.089987,448.089987,0.000000,448.089987,448.089987,448.089987,448.089987,448.089987,448.089987,0.042632,0.155760,0.190246,0.196694,calls/second,milliseconds
1780305615,1,448.089987,448.089987,448.089987,0.000000,448.089987,448.089987,448.089987,448.089987,448.089987,448.089987,0.040886,0.155760,0.190246,0.196694,calls/second,milliseconds
1780305616,1,448.089987,448.089987,448.089987,0.000000,448.089987,448.089987,448.089987,448.089987,448.089987,448.089987,0.039277,0.143306,0.187101,0.195605,calls/second,milliseconds
1780305617,1,448.089987,448.089987,448.089987,0.000000,448.089987,448.089987,448.089987,448.089987,448.089987,448.089987,0.037789,0.143306,0.187101,0.195605,calls/second,milliseconds
1780305618,1,448.089987,448.089987,448.089987,0.000000,448.089987,448.089987,448.089987,448.089987,448.089987,448.089987,0.036410,0.143306,0.187101,0.195605,calls/second,milliseconds
1780305619,1,448.089987,448.089987,448.089987,0.000000,448.089987,448.089987,448.089987,448.089987,448.089987,448.089987,0.035128,0.143306,0.187101,0.195605,calls/second,milliseconds
1780305620,1,448.089987,448.089987,448.089987,0.000000,448.089987,448.089987,448.089987,448.089987,448.089987,448.089987,0.033933,0.143306,0.187101,0.195605,calls/second,milliseconds
1780305621,1,448.089987,448.089987,448.089987,0.000000,448.089987,448.089987,448.089987,448.089987,448.089987,448.089987,0.032817,0.131848,0.184009,0.194521,calls/second,milliseconds
1780305622,1,448.089987,448.089987,448.089987,0.000000,448.089987,448.089987,448.089987,448.089987,448.089987,448.089987,0.031772,0.131848,0.184009,0.194521,calls/second,milliseconds
1780305623,1,448.089987,448.089987,448.089987,0.000000,448.089987,448.089987,448.089987,448.089987,448.089987,448.089987,0.030791,0.131848,0.184009,0.194521,calls/second,milliseconds
1780305624,1,448.089987,448.089987,448.089987,0.000000,448.089987,448.089987,448.089987,448.089987,448.089987,448.089987,0.029870,0.131848,0.184009,0.194521,calls/second,milliseconds
1780305625,1,448.089987,448.089987,448.089987,0.000000,448.089987,448.089987,448.089987,448.089987,448.089987,448.089987,0.029002,0.131848,0.184009,0.194521,calls/second,milliseconds
1780305626,1,448.089987,448.089987,448.089987,0.000000,448.089987,448.089987,448.089987,448.089987,448.089987,448.089987,0.028183,0.121306,0.180967,0.193443,calls/second,milliseconds
1780305627,1,448.089987,448.089987,448.089987,0.000000,448.089987,448.089987,448.089987,448.089987,448.089987,448.089987,0.027408,0.121306,0.180967,0.193443,calls/second,milliseconds
1780305628,1,448.089987,448.089987,448.089987,0.000000,448.089987,448.089987,448.089987,448.089987,448.089987,448.089987,0.026676,0.121306,0.180967,0.193443,calls/second,milliseconds
1780305629,1,448.089987,448.089987,448.089987,0.000000,448.089987,448.089987,448.089987,448.089987,448.089987,448.089987,0.025982,0.121306,0.180967,0.193443,calls/second,milliseconds
1780305630,1,448.089987,448.089987,448.089987,0.000000,448.089987,448.089987,448.089987,448.089987,448.089987,448.089987,0.025322,0.121306,0.180967,0.193443,calls/second,milliseconds
1780305631,1,448.089987,448.089987,448.089987,0.000000,448.089987,448.089987,448.089987,448.089987,448.089987,448.089987,0.024696,0.111607,0.177976,0.192372,calls/second,milliseconds
1780305632,1,448.089987,448.089987,448.089987,0.000000,448.089987,448.089987,448.089987,448.089987,448.089987,448.089987,0.024099,0.111607,0.177976,0.192372,calls/second,milliseconds
1780305633,1,448.089987,448.089987,448.089987,0.000000,448.089987,448.089987,448.089987,448.089987,448.089987,448.089987,0.023531,0.111607,0.177976,0.192372,calls/second,milliseconds
1780305634,1,448.089987,448.089987,448.089987,0.000000,448.089987,448.089987,448.089987,448.089987,448.089987,448.089987,0.022989,0.111607,0.177976,0.192372,calls/second,milliseconds
1780305635,1,448.089987,448.089987,448.089987,0.000000,448.089987,448.089987,448.089987,448.089987,448.089987,448.089987,0.022472,0.111607,0.177976,0.192372,calls/second,milliseconds
1780305636,1,448.089987,448.089987,448.089987,0.000000,448.089987,448.089987,448.089987,448.089987,448.089987,448.089987,0.021977,0.102683,0.175035,0.191306,calls/second,milliseconds
1780305637,1,448.089987,448.089987,448.089987,0.000000,448.089987,448.089987,448.089987,448.089987,448.089987,448.089987,0.021503,0.102683,0.175035,0.191306,calls/second,milliseconds
1780305638,1,448.089987,448.089987,448.089987,0.000000,448.089987,448.089987,448.089987,448.089987,448.089987,448.089987,0.021050,0.102683,0.175035,0.191306,calls/second,milliseconds
1780305639,1,448.089987,448.089987,448.089987,0.000000,448.089987,448.089987,448.089987,448.089987,448.089987,448.089987,0.020615,0.102683,0.175035,0.191306,calls/second,milliseconds
1780305640,1,448.089987,448.089987,448.089987,0.000000,448.089987,448.089987,448.089987,448.089987,448.089987,448.089987,0.020198,0.102683,0.175035,0.191306,calls/second,milliseconds
1780305641,1,448.089987,448.089987,448.089987,0.000000,448.089987,448.089987,448.089987,448.089987,448.089987,448.089987,0.019797,0.094473,0.172142,0.190246,calls/second,milliseconds
1780305642,1,448.089987,448.089987,448.089987,0.000000,448.089987,448.089987,448.089987,448.089987,448.089987,448.089987,0.019412,0.094473,0.172142,0.190246,calls/second,milliseconds
1780305643,1,448.089987,448.089987,448.089987,0.000000,448.089987,448.089987,448.089987,448.089987,448.089987,448.089987,0.019042,0.094473,0.172142,0.190246,calls/second,milliseconds
1780305644,1,448.089987,448.089987,448.089987,0.000000,448.089987,448.089987,448.089987,448.089987,448.089987,448.089987,0.018685,0.094473,0.172142,0.190246,calls/second,milliseconds
1780305645,1,448.089987,448.089987,448.089987,0.000000,448.089987,448.089987,448.089987,448.089987,448.089987,448.089987,0.018342,0.094473,0.172142,0.190246,calls/second,milliseconds
1780305646,1,448.089987,448.089987,448.089987,0.000000,448.089987,448.089987,448.089987,448.089987,448.089987,448.089987,0.018011,0.086920,0.169296,0.189192,calls/second,milliseconds
1780305647,1,448.089987,448.089987,448.089987,0.000000,448.089987,448.089987,448.089987,448.089987,448.089987,448.089987,0.017692,0.086920,0.169296,0.189192,calls/second,milliseconds
1780305648,1,448.089987,448.089987,448.089987,0.000000,448.089987,448.089987,448.089987,448.089987,448.089987,448.089987,0.017384,0.086920,0.169296,0.189192,calls/second,milliseconds
1780305649,1,448.089987,448.089987,448.089987,0.000000,448.089987,448.089987,448.089987,448.089987,448.089987,448.089987,0.017086,0.086920,0.169296,0.189192,calls/second,milliseconds
1780305650,1,448.089987,448.089987,448.089987,0.000000,448.089987,448.089987,448.089987,448.089987,448.089987,448.089987,0.016798,0.086920,0.169296,0.189192,calls/second,milliseconds
1780305651,1,448.089987,448.089987,448.089987,0.000000,448.089987,448.089987,448.089987,448.089987,448.089987,448.089987,0.016520,0.079970,0.166498,0.188144,calls/second,milliseconds
1780305652,1,448.089987,448.089987,448.089987,0.000000,448.089987,448.089987,448.089987,448.089987,448.089987,448.089987,0.016251,0.079970,0.166498,0.188144,calls/second,milliseconds
1780305653,1,448.089987,448.089987,448.089987,0.000000,448.089987,448.089987,448.089987,448.089987,448.089987,448.089987,0.015991,0.079970,0.166498,0.188144,calls/second,milliseconds
1780305654,1,448.089987,448.089987,448.089987,0.000000,448.089987,448.089987,448.089987,448.089987,448.089987,448.089987,0.015739,0.079970,0.166498,0.188144,calls/second,milliseconds
1780305655,1,448.089987,448.089987,448.089987,0.000000,448.089987,448.089987,448.089987,448.089987,448.089987,448.089987,0.015494,0.079970,0.166498,0.188144,calls/second,milliseconds
1780305656,1,448.089987,448.089987,448.089987,0.000000,448.089987,448.089987,448.089987,448.089987,448.089987,448.089987,0.015257,0.073576,0.163746,0.187101,calls/second,milliseconds
1780305657,1,448.089987,448.089987,448.089987,0.000000,448.089987,448.089987,448.089987,448.089987,448.089987,448.089987,0.015028,0.073576,0.163746,0.187101,calls/second,milliseconds
1780305658,1,448.089987,448.089987,448.089987,0.000000,448.089987,448.089987,448.089987,448.089987,448.089987,448.089987,0.014805,0.073576,0.163746,0.187101,calls/second,milliseconds
1780305659,2,448.089987,127.036366,12.989650,191.350754,12.989650,448.089987,448.089987,448.089987,448.089987,448.089987,0.029177,0.073576,0.163746,0.187101,calls/second,milliseconds
1780305660,2,448.089987,127.036366,12.989650,191.350754,12.989650,448.089987,448.089987,448.089987,448.089987,448.089987,0.028757,0.073576,0.163746,0.187101,calls/second,milliseconds
1780305661,2,448.089987,127.036366,12.989650,191.350754,12.989650,448.089987,448.089987,448.089987,448.089987,448.089987,0.028348,0.083684,0.164345,0.187173,calls/second,milliseconds
1780305662,2,448.089987,127.036366,12.989650,191.350754,12.989650,448.089987,448.089987,448.089987,448.089987,448.089987,0.027951,0.083684,0.164345,0.187173,calls/second,milliseconds
1780305663,2,448.089987,127.036366,12.989650,191.350754,12.989650,448.089987,448.089987,448.089987,448.089987,448.089987,0.027565,0.083684,0.164345,0.187173,calls/second,milliseconds
1780305664,2,448.089987,127.036366,12.989650,191.350754,12.989650,448.089987,448.089987,448.089987,448.089987,448.089987,0.027190,0.083684,0.164345,0.187173,calls/second,milliseconds
1780305665,2,448.089987,127.036366,12.989650,191.350754,12.989650,448.089987,448.089987,448.089987,448.089987,448.089987,0.026825,0.083684,0.164345,0.187173,calls/second,milliseconds
1780305666,2,448.089987,127.036366,12.989650,191.350754,12.989650,448.089987,448.089987,448.089987,448.089987,448.089987,0.026469,0.076993,0.161629,0.186136,calls/second,milliseconds
1780305667,2,448.089987,127.036366,12.989650,191.350754,12.989650,448.089987,448.089987,448.089987,448.089987,448.089987,0.026123,0.076993,0.161629,0.186136,calls/second,milliseconds
1780305668,2,448.089987,127.036366,12.989650,191.350754,12.989650,448.089987,448.089987,448.089987,448.089987,448.089987,0.025785,0.076993,0.161629,0.186136,calls/second,milliseconds
1780305669,3,448.089987,75.340306,12.989650,151.100959,15.039222,15.039222,448.089987,448.089987,448.089987,448.089987,0.038185,0.076993,0.161629,0.186136,calls/second,milliseconds
1780305670,3,448.089987,75.340306,12.989650,151.100959,15.039222,15.039222,448.089987,448.089987,448.089987,448.089987,0.037704,0.076993,0.161629,0.186136,calls/second,milliseconds
1780305671,3,448.089987,75.340306,12.989650,151.100959,15.039222,15.039222,448.089987,448.089987,448.089987,448.089987,0.037235,0.086828,0.162263,0.186213,calls/second,milliseconds
1780305672,3,448.089987,75.340306,12.989650,151.100959,15.039222,15.039222,448.089987,448.089987,448.089987,448.089987,0.036778,0.086828,0.162263,0.186213,calls/second,milliseconds
1780305673,3,448.089987,75.340306,12.989650,151.100959,15.039222,15.039222,448.089987,448.089987,448.089987,448.089987,0.036331,0.086828,0.162263,0.186213,calls/second,milliseconds
1780305674,3,448.089987,75.340306,12.989650,151.100959,15.039222,15.039222,448.089987,448.089987,448.089987,448.089987,0.035896,0.086828,0.162263,0.186213,calls/second,milliseconds
1780305675,3,448.089987,75.340306,12.989650,151.100959,15.039222,15.039222,448.089987,448.089987,448.089987,448.089987,0.035470,0.086828,0.162263,0.186213,calls/second,milliseconds
1780305676,3,448.089987,75.340306,12.989650,151.100959,15.039222,15.039222,448.089987,448.089987,448.089987,448.089987,0.035055,0.079886,0.159581,0.185181,calls/second,milliseconds
1780305677,3,448.089987,75.340306,12.989650,151.100959,15.039222,15.039222,448.089987,448.089987,448.089987,448.089987,0.034650,0.079886,0.159581,0.185181,calls/second,milliseconds
1780305678,3,448.089987,75.340306,12.989650,151.100959,15.039222,15.039222,448.089987,448.089987,448.089987,448.089987,0.034254,0.079886,0.159581,0.185181,calls/second,milliseconds
1780305679,3,448.089987,75.340306,12.989650,151.100959,15.039222,15.039222,448.089987,448.089987,448.089987,448.089987,0.033866,0.079886,0.159581,0.185181,calls/second,milliseconds
1780305680,3,448.089987,75.340306,12.989650,151.100959,15.039222,15.039222,448.089987,448.089987,448.089987,448.089987,0.033488,0.079886,0.159581,0.185181,calls/second,milliseconds
1780305681,3,448.089987,75.340306,12.989650,151.100959,15.039222,15.039222,448.089987,448.089987,448.089987,448.089987,0.033117,0.073499,0.156944,0.184155,calls/second,milliseconds
1780305682,3,448.089987,75.340306,12.989650,151.100959,15.039222,15.039222,448.089987,448.089987,448.089987,448.089987,0.032755,0.073499,0.156944,0.184155,calls/second,milliseconds
1780305683,3,448.089987,75.340306,12.989650,151.100959,15.039222,15.039222,448.089987,448.089987,448.089987,448.089987,0.032400,0.073499,0.156944,0.184155,calls/second,milliseconds
1780305684,3,448.089987,75.340306,12.989650,151.100959,15.039222,15.039222,448.089987,448.089987,448.089987,448.089987,0.032054,0.073499,0.156944,0.184155,calls/second,milliseconds
1780305685,3,448.089987,75.340306,12.989650,151.100959,15.039222,15.039222,448.089987,448.089987,448.089987,448.089987,0.031714,0.073499,0.156944,0.184155,calls/second,milliseconds
1780305686,3,448.089987,75.340306,12.989650,151.100959,15.039222,15.039222,448.089987,448.089987,448.089987,448.089987,0.031382,0.067622,0.154350,0.183135,calls/second,milliseconds
1780305687,3,448.089987,75.340306,12.989650,151.100959,15.039222,15.039222,448.089987,448.089987,448.089987,448.089987,0.031056,0.067622,0.154350,0.183135,calls/second,milliseconds
1780305688,3,448.089987,75.340306,12.989650,151.100959,15.039222,15.039222,448.089987,448.089987,448.089987,448.089987,0.030738,0.067622,0.154350,0.183135,calls/second,milliseconds
1780305689,3,448.089987,75.340306,12.989650,151.100959,15.039222,15.039222,448.089987,448.089987,448.089987,448.089987,0.030425,0.067622,0.154350,0.183135,calls/second,milliseconds
1780305690,3,448.089987,75.340306,12.989650,151.100959,15.039222,15.039222,448.089987,448.089987,448.089987,448.089987,0.030119,0.067622,0.154350,0.183135,calls/second,milliseconds
1780305691,3,448.089987,75.340306,12.989650,151.100959,15.039222,15.039222,448.089987,448.089987,448.089987,448.089987,0.029820,0.062215,0.151798,0.182120,calls/second,milliseconds
1780305692,3,448.089987,75.340306,12.989650,151.100959,15.039222,15.039222,448.089987,448.089987,448.089987,448.089987,0.029526,0.062215,0.151798,0.182120,calls/second,milliseconds
1780305693,3,448.089987,75.340306,12.989650,151.100959,15.039222,15.039222,448.089987,448.089987,448.089987,448.089987,0.029237,0.062215,0.151798,0.182120,calls/second,milliseconds
1780305694,3,448.089987,75.340306,12.989650,151.100959,15.039222,15.039222,448.089987,448.089987,448.089987,448.089987,0.028955,0.062215,0.151798,0.182120,calls/second,milliseconds
1780305695,3,448.089987,75.340306,12.989650,151.100959,15.039222,15.039222,448.089987,448.089987,448.089987,448.089987,0.028677,0.062215,0.151798,0.182120,calls/second,milliseconds
1780305696,3,448.089987,75.340306,12.989650,151.100959,15.039222,15.039222,448.089987,448.089987,448.089987,448.089987,0.028405,0.057241,0.149289,0.181111,calls/second,milliseconds
1780305697,3,448.089987,75.340306,12.989650,151.100959,15.039222,15.039222,448.089987,448.089987,448.089987,448.089987,0.028139,0.057241,0.149289,0.181111,calls/second,milliseconds
1780305698,3,448.089987,75.340306,12.989650,151.100959,15.039222,15.039222,448.089987,448.089987,448.089987,448.089987,0.027877,0.057241,0.149289,0.181111,calls/second,milliseconds
1780305699,3,448.089987,75.340306,12.989650,151.100959,15.039222,15.039222,448.089987,448.089987,448.089987,448.089987,0.027619,0.057241,0.149289,0.181111,calls/second,milliseconds
1780305700,3,448.089987,75.340306,12.989650,151.100959,15.039222,15.039222,448.089987,448.089987,448.089987,448.089987,0.027367,0.057241,0.149289,0.181111,calls/second,milliseconds
1780305701,3,448.089987,75.340306,12.989650,151.100959,15.039222,15.039222,448.089987,448.089987,448.089987,448.089987,0.027119,0.052664,0.146822,0.180108,calls/second,milliseconds
1780305702,3,448.089987,75.340306,12.989650,151.100959,15.039222,15.039222,448.089987,448.089987,448.089987,448.089987,0.026876,0.052664,0.146822,0.180108,calls/second,milliseconds
1780305703,3,448.089987,75.340306,12.989650,151.100959,15.039222,15.039222,448.089987,448.089987,448.089987,448.089987,0.026637,0.052664,0.146822,0.180108,calls/second,milliseconds
1780305704,3,448.089987,75.340306,12.989650,151.100959,15.039222,15.039222,448.089987,448.089987,448.089987,448.089987,0.026402,0.052664,0.146822,0.180108,calls/second,milliseconds
1780305705,3,448.089987,75.340306,12.989650,151.100959,15.039222,15.039222,448.089987,448.089987,448.089987,448.089987,0.026171,0.052664,0.146822,0.180108,calls/second,milliseconds
1780305706,3,448.089987,75.340306,12.989650,151.100959,15.039222,15.039222,448.089987,448.089987,448.089987,448.089987,0.025944,0.048453,0.144395,0.179110,calls/second,milliseconds
1780305707,3,448.089987,75.340306,12.989650,151.100959,15.039222,15.039222,448.089987,448.089987,448.089987,448.089987,0.025721,0.048453,0.144395,0.179110,calls/second,milliseconds
1780305708,3,448.089987,75.340306,12.989650,151.100959,15.039222,15.039222,448.089987,448.089987,448.089987,448.089987,0.025503,0.048453,0.144395,0.179110,calls/second,milliseconds
1780305709,3,448.089987,75.340306,12.989650,151.100959,15.039222,15.039222,448.089987,448.089987,448.089987,448.089987,0.025287,0.048453,0.144395,0.179110,calls/second,milliseconds
1780305710,3,448.089987,75.340306,12.989650,151.100959,15.039222,15.039222,448.089987,448.089987,448.089987,448.089987,0.025075,0.048453,0.144395,0.179110,calls/second,milliseconds
1780305711,3,448.089987,75.340306,12.989650,151.100959,15.039222,15.039222,448.089987,448.089987,448.089987,448.089987,0.024867,0.044579,0.142008,0.178118,calls/second,milliseconds
1780305712,3,448.089987,75.340306,12.989650,151.100959,15.039222,15.039222,448.089987,448.089987,448.089987,448.089987,0.024663,0.044579,0.142008,0.178118,calls/second,milliseconds
1780305713,3,448.089987,75.340306,12.989650,151.100959,15.039222,15.039222,448.089987,448.089987,448.089987,448.089987,0.024461,0.044579,0.142008,0.178118,calls/second,milliseconds
1780305714,3,448.089987,75.340306,12.989650,151.100959,15.039222,15.039222,448.089987,448.089987,448.089987,448.089987,0.024263,0.044579,0.142008,0.178118,calls/second,milliseconds
1780305715,3,448.089987,75.340306,12.989650,151.100959,15.039222,15.039222,448.089987,448.089987,448.089987,448.089987,0.024068,0.044579,0.142008,0.178118,calls/second,milliseconds
1780305716,3,448.089987,75.340306,12.989650,151.100959,15.039222,15.039222,448.089987,448.089987,448.089987,448.089987,0.023876,0.041015,0.139661,0.177131,calls/second,milliseconds
1780305717,3,448.089987,75.340306,12.989650,151.100959,15.039222,15.039222,448.089987,448.089987,448.089987,448.089987,0.023687,0.041015,0.139661,0.177131,calls/second,milliseconds
1780305718,3,448.089987,75.340306,12.989650,151.100959,15.039222,15.039222,448.089987,448.089987,448.089987,448.089987,0.023501,0.041015,0.139661,0.177131,calls/second,milliseconds
1780305719,3,448.089987,75.340306,12.989650,151.100959,15.039222,15.039222,448.089987,448.089987,448.089987,448.089987,0.023318,0.041015,0.139661,0.177131,calls/second,milliseconds
1780305720,3,448.089987,75.340306,12.989650,151.100959,15.039222,15.039222,448.089987,448.089987,448.089987,448.089987,0.023138,0.041015,0.139661,0.177131,calls/second,milliseconds
1780305721,3,448.089987,75.340306,12.989650,151.100959,15.039222,15.039222,448.089987,448.089987,448.089987,448.089987,0.022961,0.037735,0.137353,0.176150,calls/second,milliseconds
1780305722,3,448.089987,75.340306,12.989650,151.100959,15.039222,15.039222,448.089987,448.089987,448.089987,448.089987,0.022786,0.037735,0.137353,0.176150,calls/second,milliseconds
1780305723,3,448.089987,75.340306,12.989650,151.100959,15.039222,15.039222,448.089987,448.089987,448.089987,448.089987,0.022614,0.037735,0.137353,0.176150,calls/second,milliseconds
1780305724,3,448.089987,75.340306,12.989650,151.100959,15.039222,15.039222,448.089987,448.089987,448.089987,448.089987,0.022445,0.037735,0.137353,0.176150,calls/second,milliseconds
1780305725,3,448.089987,75.340306,12.989650,151.100959,15.039222,15.039222,448.089987,448.089987,448.089987,448.089987,0.022278,0.037735,0.137353,0.176150,calls/second,milliseconds
1780305726,3,448.089987,75.340306,12.989650,151.100959,15.039222,15.039222,448.089987,448.089987,448.089987,448.089987,0.022113,0.034718,0.135083,0.175174,calls/second,milliseconds
1780305727,3,448.089987,75.340306,12.989650,151.100959,15.039222,15.039222,448.089987,448.089987,448.089987,448.089987,0.021951,0.034718,0.135083,0.175174,calls/second,milliseconds
1780305728,3,448.089987,75.340306,12.989650,151.100959,15.039222,15.039222,448.089987,448.089987,448.089987,448.089987,0.021792,0.034718,0.135083,0.175174,calls/second,milliseconds
1780305729,3,448.089987,75.340306,12.989650,151.100959,15.039222,15.039222,448.089987,448.089987,448.089987,448.089987,0.021634,0.034718,0.135083,0.175174,calls/second,milliseconds
1780305730,3,448.089987,75.340306,12.989650,151.100959,15.039222,15.039222,448.089987,448.089987,448.089987,448.089987,0.021479,0.034718,0.135083,0.175174,calls/second,milliseconds
1780305731,3,448.089987,75.340306,12.989650,151.100959,15.039222,15.039222,448.089987,448.089987,448.089987,448.089987,0.021326,0.031942,0.132850,0.174203,calls/second,milliseconds
1780305732,3,448.089987,75.340306,12.989650,151.100959,15.039222,15.039222,448.089987,448.089987,448.089987,448.089987,0.021176,0.031942,0.132850,0.174203,calls/second,milliseconds
1780305733,3,448.089987,75.340306,12.989650,151.100959,15.039222,15.039222,448.089987,448.089987,448.089987,448.089987,0.021027,0.031942,0.132850,0.174203,calls/second,milliseconds
1780305734,3,448.089987,75.340306,12.989650,151.100959,15.039222,15.039222,448.089987,448.089987,448.089987,448.089987,0.020880,0.031942,0.132850,0.174203,calls/second,milliseconds
1780305735,3,448.089987,75.340306,12.989650,151.100959,15.039222,15.039222,448.089987,448.089987,448.089987,448.089987,0.020736,0.031942,0.132850,0.174203,calls/second,milliseconds
1780305736,3,448.089987,75.340306,12.989650,151.100959,15.039222,15.039222,448.089987,448.089987,448.089987,448.089987,0.020593,0.029388,0.130654,0.173238,calls/second,milliseconds
1780305737,3,448.089987,75.340306,12.989650,151.100959,15.039222,15.039222,448.089987,448.089987,448.089987,448.089987,0.020453,0.029388,0.130654,0.173238,calls/second,milliseconds
1780305738,3,448.089987,75.340306,12.989650,151.100959,15.039222,15.039222,448.089987,448.089987,448.089987,448.089987,0.020314,0.029388,0.130654,0.173238,calls/second,milliseconds
1780305739,3,448.089987,75.340306,12.989650,151.100959,15.039222,15.039222,448.089987,448.089987,448.089987,448.089987,0.020177,0.029388,0.130654,0.173238,calls/second,milliseconds
1780305740,3,448.089987,75.340306,12.989650,151.100959,15.039222,15.039222,448.089987,448.089987,448.089987,448.089987,0.020042,0.029388,0.130654,0.173238,calls/second,milliseconds
1780305741,3,448.089987,75.340306,12.989650,151.100959,15.039222,15.039222,448.089987,448.089987,448.089987,448.089987,0.019909,0.027039,0.128495,0.172278,calls/second,milliseconds
1780305742,3,448.089987,75.340306,12.989650,151.100959,15.039222,15.039222,448.089987,448.089987,448.089987,448.089987,0.019778,0.027039,0.128495,0.172278,calls/second,milliseconds
1780305743,3,448.089987,75.340306,12.989650,151.100959,15.039222,15.039222,448.089987,448.089987,448.089987,448.089987,0.019648,0.027039,0.128495,0.172278,calls/second,milliseconds
1780305744,3,448.089987,75.340306,12.989650,151.100959,15.039222,15.039222,448.089987,448.089987,448.089987,448.089987,0.019520,0.027039,0.128495,0.172278,calls/second,milliseconds
1780305745,3,448.089987,75.340306,12.989650,151.100959,15.039222,15.039222,448.089987,448.089987,448.089987,448.089987,0.019393,0.027039,0.128495,0.172278,calls/second,milliseconds
1780305746,3,448.089987,75.340306,12.989650,151.100959,15.039222,15.039222,448.089987,448.089987,448.089987,448.089987,0.019269,0.024877,0.126371,0.171324,calls/second,milliseconds
1780305747,3,448.089987,75.340306,12.989650,151.100959,15.039222,15.039222,448.089987,448.089987,448.089987,448.089987,0.019145,0.024877,0.126371,0.171324,calls/second,milliseconds
1780305748,3,448.089987,75.340306,12.989650,151.100959,15.039222,15.039222,448.089987,448.089987,448.089987,448.089987,0.019024,0.024877,0.126371,0.171324,calls/second,milliseconds
1780305749,3,448.089987,75.340306,12.989650,151.100959,15.039222,15.039222,448.089987,448.089987,448.089987,448.089987,0.018904,0.024877,0.126371,0.171324,calls/second,milliseconds
1780305750,3,448.089987,75.340306,12.989650,151.100959,15.039222,15.039222,448.089987,448.089987,448.089987,448.089987,0.018785,0.024877,0.126371,0.171324,calls/second,milliseconds
1780305751,3,448.089987,75.340306,12.989650,151.100959,15.039222,15.039222,448.089987,448.089987,448.089987,448.089987,0.018668,0.022888,0.124282,0.170375,calls/second,milliseconds
1780305752,3,448.089987,75.340306,12.989650,151.100959,15.039222,15.039222,448.089987,448.089987,448.089987,448.089987,0.018553,0.022888,0.124282,0.170375,calls/second,milliseconds
1780305753,3,448.089987,75.340306,12.989650,151.100959,15.039222,15.039222,448.089987,448.089987,448.089987,448.089987,0.018438,0.022888,0.124282,0.170375,calls/second,milliseconds
1780305754,3,448.089987,75.340306,12.989650,151.100959,15.039222,15.039222,448.089987,448.089987,448.089987,448.089987,0.018326,0.022888,0.124282,0.170375,calls/second,milliseconds
1780305755,3,448.089987,75.340306,12.989650,151.100959,15.039222,15.039222,448.089987,448.089987,448.089987,448.089987,0.018214,0.022888,0.124282,0.170375,calls/second,milliseconds
1780305756,3,448.089987,75.340306,12.989650,151.100959,15.039222,15.039222,448.089987,448.089987,448.089987,448.089987,0.018104,0.021058,0.122228,0.169431,calls/second,milliseconds
1780305757,3,448.089987,75.340306,12.989650,151.100959,15.039222,15.039222,448.089987,448.089987,448.089987,448.089987,0.017995,0.021058,0.122228,0.169431,calls/second,milliseconds
1780305758,3,448.089987,75.340306,12.989650,151.100959,15.039222,15.039222,448.089987,448.089987,448.089987,448.089987,0.017888,0.021058,0.122228,0.169431,calls/second,milliseconds
1780305759,3,448.089987,75.340306,12.989650,151.100959,15.039222,15.039222,448.089987,448.089987,448.089987,448.089987,0.017782,0.021058,0.122228,0.169431,calls/second,milliseconds
1780305760,3,448.089987,75.340306,12.989650,151.100959,15.039222,15.039222,448.089987,448.089987,448.089987,448.089987,0.017677,0.021058,0.122228,0.169431,calls/second,milliseconds
1780305761,3,448.089987,75.340306,12.989650,151.100959,15.039222,15.039222,448.089987,448.089987,448.089987,448.089987,0.017573,0.019374,0.120208,0.168492,calls/second,milliseconds
1780305762,3,448.089987,75.340306,12.989650,151.100959,15.039222,15.039222,448.089987,448.089987,448.089987,448.089987,0.017471,0.019374,0.120208,0.168492,calls/second,milliseconds
1780305763,3,448.089987,75.340306,12.989650,151.100959,15.039222,15.039222,448.089987,448.089987,448.089987,448.089987,0.017369,0.019374,0.120208,0.168492,calls/second,milliseconds
1780305764,3,448.089987,75.340306,12.989650,151.100959,15.039222,15.039222,448.089987,448.089987,448.089987,448.089987,0.017269,0.019374,0.120208,0.168492,calls/second,milliseconds
1780305765,3,448.089987,75.340306,12.989650,151.100959,15.039222,15.039222,448.089987,448.089987,448.089987,448.089987,0.017170,0.019374,0.120208,0.168492,calls/second,milliseconds
1780305766,3,448.089987,75.340306,12.989650,151.100959,15.039222,15.039222,448.089987,448.089987,448.089987,448.089987,0.017072,0.017825,0.118221,0.167559,calls/second,milliseconds
1780305767,3,448.089987,75.340306,12.989650,151.100959,15.039222,15.039222,448.089987,448.089987,448.089987,448.089987,0.016976,0.017825,0.118221,0.167559,calls/second,milliseconds
1780305768,3,448.089987,75.340306,12.989650,151.100959,15.039222,15.039222,448.089987,448.089987,448.089987,448.089987,0.016880,0.017825,0.118221,0.167559,calls/second,milliseconds
1780305769,3,448.089987,75.340306,12.989650,151.100959,15.039222,15.039222,448.089987,448.089987,448.089987,448.089987,0.016785,0.017825,0.118221,0.167559,calls/second,milliseconds
1780305770,3,448.089987,75.340306,12.989650,151.100959,15.039222,15.039222,448.089987,448.089987,448.089987,448.089987,0.016692,0.017825,0.118221,0.167559,calls/second,milliseconds
1780305771,3,448.089987,75.340306,12.989650,151.100959,15.039222,15.039222,448.089987,448.089987,448.089987,448.089987,0.016599,0.016400,0.116267,0.166630,calls/second,milliseconds
1780305772,3,448.089987,75.340306,12.989650,151.100959,15.039222,15.039222,448.089987,448.089987,448.089987,448.089987,0.016508,0.016400,0.116267,0.166630,calls/second,milliseconds
1780305773,3,448.089987,75.340306,12.989650,151.100959,15.039222,15.039222,448.089987,448.089987,448.089987,448.089987,0.016417,0.016400,0.116267,0.166630,calls/second,milliseconds
1780305774,3,448.089987,75.340306,12.989650,151.100959,15.039222,15.039222,448.089987,448.089987,448.089987,448.089987,0.016328,0.016400,0.116267,0.166630,calls/second,milliseconds
1780305775,3,448.089987,75.340306,12.989650,151.100959,15.039222,15.039222,448.089987,448.089987,448.089987,448.089987,0.016239,0.016400,0.116267,0.166630,calls/second,milliseconds
1780305776,3,448.089987,75.340306,12.989650,151.100959,15.039222,15.039222,448.089987,448.089987,448.089987,448.089987,0.016152,0.015088,0.114345,0.165707,calls/second,milliseconds
1780305777,3,448.089987,75.340306,12.989650,151.100959,15.039222,15.039222,448.089987,448.089987,448.089987,448.089987,0.016065,0.015088,0.114345,0.165707,calls/second,milliseconds
1780305778,3,448.089987,75.340306,12.989650,151.100959,15.039222,15.039222,448.089987,448.089987,448.089987,448.089987,0.015980,0.015088,0.114345,0.165707,calls/second,milliseconds
1780305779,3,448.089987,75.340306,12.989650,151.100959,15.039222,15.039222,448.089987,448.089987,448.089987,448.089987,0.015895,0.015088,0.114345,0.165707,calls/second,milliseconds
1780305780,3,448.089987,75.340306,12.989650,151.100959,15.039222,15.039222,448.089987,448.089987,448.089987,448.089987,0.015811,0.015088,0.114345,0.165707,calls/second,milliseconds
1780305781,3,448.089987,75.340306,12.989650,151.100959,15.039222,15.039222,448.089987,448.089987,448.089987,448.089987,0.015728,0.013882,0.112455,0.164789,calls/second,milliseconds
1780305782,3,448.089987,75.340306,12.989650,151.100959,15.039222,15.039222,448.089987,448.089987,448.089987,448.089987,0.015646,0.013882,0.112455,0.164789,calls/second,milliseconds
1780305783,3,448.089987,75.340306,12.989650,151.100959,15.039222,15.039222,448.089987,448.089987,448.089987,448.089987,0.015564,0.013882,0.112455,0.164789,calls/second,milliseconds
1780305784,3,448.089987,75.340306,12.989650,151.100959,15.039222,15.039222,448.089987,448.089987,448.089987,448.089987,0.015484,0.013882,0.112455,0.164789,calls/second,milliseconds
1780305785,3,448.089987,75.340306,12.989650,151.100959,15.039222,15.039222,448.089987,448.089987,448.089987,448.089987,0.015404,0.013882,0.112455,0.164789,calls/second,milliseconds
1780305786,3,448.089987,75.340306,12.989650,151.100959,15.039222,15.039222,448.089987,448.089987,448.089987,448.089987,0.015326,0.012772,0.110596,0.163876,calls/second,milliseconds
1780305787,3,448.089987,75.340306,12.989650,151.100959,15.039222,15.039222,448.089987,448.089987,448.089987,448.089987,0.015248,0.012772,0.110596,0.163876,calls/second,milliseconds
1780305788,3,448.089987,75.340306,12.989650,151.100959,15.039222,15.039222,448.089987,448.089987,448.089987,448.089987,0.015170,0.012772,0.110596,0.163876,calls/second,milliseconds
1780305789,3,448.089987,75.340306,12.989650,151.100959,15.039222,15.039222,448.089987,448.089987,448.089987,448.089987,0.015094,0.012772,0.110596,0.163876,calls/second,milliseconds
1780305790,3,448.089987,75.340306,12.989650,151.100959,15.039222,15.039222,448.089987,448.089987,448.089987,448.089987,0.015018,0.012772,0.110596,0.163876,calls/second,milliseconds
1780305791,3,448.089987,75.340306,12.989650,151.100959,15.039222,15.039222,448.089987,448.089987,448.089987,448.089987,0.014943,0.011751,0.108768,0.162968,calls/second,milliseconds
1780305792,3,448.089987,75.340306,12.989650,151.100959,15.039222,15.039222,448.089987,448.089987,448.089987,448.089987,0.014869,0.011751,0.108768,0.162968,calls/second,milliseconds
1780305793,3,448.089987,75.340306,12.989650,151.100959,15.039222,15.039222,448.089987,448.089987,448.089987,448.089987,0.014796,0.011751,0.108768,0.162968,calls/second,milliseconds
1780305794,3,448.089987,75.340306,12.989650,151.100959,15.039222,15.039222,448.089987,448.089987,448.089987,448.089987,0.014723,0.011751,0.108768,0.162968,calls/second,milliseconds
1780305795,3,448.089987,75.340306,12.989650,151.100959,15.039222,15.039222,448.089987,448.089987,448.089987,448.089987,0.014651,0.011751,0.108768,0.162968,calls/second,milliseconds
1780305796,3,448.089987,75.340306,12.989650,151.100959,15.039222,15.039222,448.089987,448.089987,448.089987,448.089987,0.014580,0.010811,0.106970,0.162066,calls/second,milliseconds
1780305797,3,448.089987,75.340306,12.989650,151.100959,15.039222,15.039222,448.089987,448.089987,448.089987,448.089987,0.014509,0.010811,0.106970,0.162066,calls/second,milliseconds
1780305798,3,448.089987,75.340306,12.989650,151.100959,15.039222,15.039222,448.089987,448.089987,448.089987,448.089987,0.014439,0.010811,0.106970,0.162066,calls/second,milliseconds
1780305799,3,448.089987,75.340306,12.989650,151.100959,15.039222,15.039222,448.089987,448.089987,448.089987,448.089987,0.014370,0.010811,0.106970,0.162066,calls/second,milliseconds
1780305800,3,448.089987,75.340306,12.989650,151.100959,15.039222,15.039222,448.089987,448.089987,448.089987,448.089987,0.014301,0.010811,0.106970,0.162066,calls/second,milliseconds
1780305801,3,448.089987,75.340306,12.989650,151.100959,15.039222,15.039222,448.089987,448.089987,448.089987,448.089987,0.014233,0.009947,0.105202,0.161168,calls/second,milliseconds
1780305802,3,448.089987,75.340306,12.989650,151.100959,15.039222,15.039222,448.089987,448.089987,448.089987,448.089987,0.014166,0.009947,0.105202,0.161168,calls/second,milliseconds
1780305803,3,448.089987,75.340306,12.989650,151.100959,15.039222,15.039222,448.089987,448.089987,448.089987,448.089987,0.014099,0.009947,0.105202,0.161168,calls/second,milliseconds
1780305804,3,448.089987,75.340306,12.989650,151.100959,15.039222,15.039222,448.089987,448.089987,448.089987,448.089987,0.014033,0.009947,0.105202,0.161168,calls/second,milliseconds
1780305805,3,448.089987,75.340306,12.989650,151.100959,15.039222,15.039222,448.089987,448.089987,448.089987,448.089987,0.013968,0.009947,0.105202,0.161168,calls/second,milliseconds
1780305806,3,448.089987,75.340306,12.989650,151.100959,15.039222,15.039222,448.089987,448.089987,448.089987,448.089987,0.013903,0.009152,0.103464,0.160275,calls/second,milliseconds
1780305807,3,448.089987,75.340306,12.989650,151.100959,15.039222,15.039222,448.089987,448.089987,448.089987,448.089987,0.013839,0.009152,0.103464,0.160275,calls/second,milliseconds
1780305808,3,448.089987,75.340306,12.989650,151.100959,15.039222,15.039222,448.089987,448.089987,448.089987,448.089987,0.013775,0.009152,0.103464,0.160275,calls/second,milliseconds
1780305809,3,448.089987,75.340306,12.989650,151.100959,15.039222,15.039222,448.089987,448.089987,448.089987,448.089987,0.013712,0.009152,0.103464,0.160275,calls/second,milliseconds
1780305810,3,448.089987,75.340306,12.989650,151.100959,15.039222,15.039222,448.089987,448.089987,448.089987,448.089987,0.013650,0.009152,0.103464,0.160275,calls/second,milliseconds
1780305811,3,448.089987,75.340306,12.989650,151.100959,15.039222,15.039222,448.089987,448.089987,448.089987,448.089987,0.013588,0.008420,0.101753,0.159387,calls/second,milliseconds
1780305812,3,448.089987,75.340306,12.989650,151.100959,15.039222,15.039222,448.089987,448.089987,448.089987,448.089987,0.013526,0.008420,0.101753,0.159387,calls/second,milliseconds
1780305813,3,448.089987,75.340306,12.989650,151.100959,15.039222,15.039222,448.089987,448.089987,448.089987,448.089987,0.013466,0.008420,0.101753,0.159387,calls/second,milliseconds
1780305814,3,448.089987,75.340306,12.989650,151.100959,15.039222,15.039222,448.089987,448.089987,448.089987,448.089987,0.013405,0.008420,0.101753,0.159387,calls/second,milliseconds
1780305815,3,448.089987,75.340306,12.989650,151.100959,15.039222,15.039222,448.089987,448.089987,448.089987,448.089987,0.013346,0.008420,0.101753,0.159387,calls/second,milliseconds
1780305816,3,448.089987,75.340306,12.989650,151.100959,15.039222,15.039222,448.089987,448.089987,448.089987,448.089987,0.013286,0.007747,0.100072,0.158504,calls/second,milliseconds
1780305817,3,448.089987,75.340306,12.989650,151.100959,15.039222,15.039222,448.089987,448.089987,448.089987,448.089987,0.013228,0.007747,0.100072,0.158504,calls/second,milliseconds
1780305818,3,448.089987,75.340306,12.989650,151.100959,15.039222,15.039222,448.089987,448.089987,448.089987,448.089987,0.013170,0.007747,0.100072,0.158504,calls/second,milliseconds
1780305819,3,448.089987,75.340306,12.989650,151.100959,15.039222,15.039222,448.089987,448.089987,448.089987,448.089987,0.013112,0.007747,0.100072,0.158504,calls/second,milliseconds
1780305820,3,448.089987,75.340306,12.989650,151.100959,15.039222,15.039222,448.089987,448.089987,448.089987,448.089987,0.013055,0.007747,0.100072,0.158504,calls/second,milliseconds
1780305821,3,448.089987,75.340306,12.989650,151.100959,15.039222,15.039222,448.089987,448.089987,448.089987,448.089987,0.012998,0.007127,0.098418,0.157626,calls/second,milliseconds
1780305822,3,448.089987,75.340306,12.989650,151.100959,15.039222,15.039222,448.089987,448.089987,448.089987,448.089987,0.012942,0.007127,0.098418,0.157626,calls/second,milliseconds
1780305823,3,448.089987,75.340306,12.989650,151.100959,15.039222,15.039222,448.089987,448.089987,448.089987,448.089987,0.012886,0.007127,0.098418,0.157626,calls/second,milliseconds
1780305824,3,448.089987,75.340306,12.989650,151.100959,15.039222,15.039222,448.089987,448.089987,448.089987,448.089987,0.012831,0.007127,0.098418,0.157626,calls/second,milliseconds
1780305825,3,448.089987,75.340306,12.989650,151.100959,15.039222,15.039222,448.089987,448.089987,448.089987,448.089987,0.012776,0.007127,0.098418,0.157626,calls/second,milliseconds
1780305826,3,448.089987,75.340306,12.989650,151.100959,15.039222,15.039222,448.089987,448.089987,448.089987,448.089987,0.012722,0.006557,0.096791,0.156752,calls/second,milliseconds
1780305827,3,448.089987,75.340306,12.989650,151.100959,15.039222,15.039222,448.089987,448.089987,448.089987,448.089987,0.012668,0.006557,0.096791,0.156752,calls/second,milliseconds
1780305828,3,448.089987,75.340306,12.989650,151.100959,15.039222,15.039222,448.089987,448.089987,448.089987,448.089987,0.012615,0.006557,0.096791,0.156752,calls/second,milliseconds
1780305829,3,448.089987,75.340306,12.989650,151.100959,15.039222,15.039222,448.089987,448.089987,448.089987,448.089987,0.012562,0.006557,0.096791,0.156752,calls/second,milliseconds
1780305830,3,448.089987,75.340306,12.989650,151.100959,15.039222,15.039222,448.089987,448.089987,448.089987,448.089987,0.012510,0.006557,0.096791,0.156752,calls/second,milliseconds
1780305831,3,448.089987,75.340306,12.989650,151.100959,15.039222,15.039222,448.089987,448.089987,448.089987,448.089987,0.012457,0.006033,0.095191,0.155884,calls/second,milliseconds
1780305832,3,448.089987,75.340306,12.989650,151.100959,15.039222,15.039222,448.089987,448.089987,448.089987,448.089987,0.012406,0.006033,0.095191,0.155884,calls/second,milliseconds
1780305833,3,448.089987,75.340306,12.989650,151.100959,15.039222,15.039222,448.089987,448.089987,448.089987,448.089987,0.012355,0.006033,0.095191,0.155884,calls/second,milliseconds
1780305834,3,448.089987,75.340306,12.989650,151.100959,15.039222,15.039222,448.089987,448.089987,448.089987,448.089987,0.012304,0.006033,0.095191,0.155884,calls/second,milliseconds
1780305835,3,448.089987,75.340306,12.989650,151.100959,15.039222,15.039222,448.089987,448.089987,448.089987,448.089987,0.012253,0.006033,0.095191,0.155884,calls/second,milliseconds
1780305836,3,448.089987,75.340306,12.989650,151.100959,15.039222,15.039222,448.089987,448.089987,448.089987,448.089987,0.012204,0.005551,0.093618,0.155020,calls/second,milliseconds
1780305837,3,448.089987,75.340306,12.989650,151.100959,15.039222,15.039222,448.089987,448.089987,448.089987,448.089987,0.012154,0.005551,0.093618,0.155020,calls/second,milliseconds
1780305838,3,448.089987,75.340306,12.989650,151.100959,15.039222,15.039222,448.089987,448.089987,448.089987,448.089987,0.012105,0.005551,0.093618,0.155020,calls/second,milliseconds
1780305839,3,448.089987,75.340306,12.989650,151.100959,15.039222,15.039222,448.089987,448.089987,448.089987,448.089987,0.012056,0.005551,0.093618,0.155020,calls/second,milliseconds
1780305840,3,448.089987,75.340306,12.989650,151.100959,15.039222,15.039222,448.089987,448.089987,448.089987,448.089987,0.012008,0.005551,0.093618,0.155020,calls/second,milliseconds
1780305841,3,448.089987,75.340306,12.989650,151.100959,15.039222,15.039222,448.089987,448.089987,448.089987,448.089987,0.011960,0.005107,0.092070,0.154161,calls/second,milliseconds
1780305842,3,448.089987,75.340306,12.989650,151.100959,15.039222,15.039222,448.089987,448.089987,448.089987,448.089987,0.011912,0.005107,0.092070,0.154161,calls/second,milliseconds
1780305843,3,448.089987,75.340306,12.989650,151.100959,15.039222,15.039222,448.089987,448.089987,448.089987,448.089987,0.011865,0.005107,0.092070,0.154161,calls/second,milliseconds
1780305844,3,448.089987,75.340306,12.989650,151.100959,15.039222,15.039222,448.089987,448.089987,448.089987,448.089987,0.011818,0.005107,0.092070,0.154161,calls/second,milliseconds
1780305845,3,448.089987,75.340306,12.989650,151.100959,15.039222,15.039222,448.089987,448.089987,448.089987,448.089987,0.011772,0.005107,0.092070,0.154161,calls/second,milliseconds
1780305846,3,448.089987,75.340306,12.989650,151.100959,15.039222,15.039222,448.089987,448.089987,448.089987,448.089987,0.011726,0.004699,0.090549,0.153307,calls/second,milliseconds
1780305847,3,448.089987,75.340306,12.989650,151.100959,15.039222,15.039222,448.089987,448.089987,448.089987,448.089987,0.011680,0.004699,0.090549,0.153307,calls/second,milliseconds
1780305848,3,448.089987,75.340306,12.989650,151.100959,15.039222,15.039222,448.089987,448.089987,448.089987,448.089987,0.011635,0.004699,0.090549,0.153307,calls/second,milliseconds
1780305849,3,448.089987,75.340306,12.989650,151.100959,15.039222,15.039222,448.089987,448.089987,448.089987,448.089987,0.011590,0.004699,0.090549,0.153307,calls/second,milliseconds
1780305850,3,448.089987,75.340306,12.989650,151.100959,15.039222,15.039222,448.089987,448.089987,448.089987,448.089987,0.011545,0.004699,0.090549,0.153307,calls/second,milliseconds
1780305851,3,448.089987,75.340306,12.989650,151.100959,15.039222,15.039222,448.089987,448.089987,448.089987,448.089987,0.011501,0.004323,0.089052,0.152458,calls/second,milliseconds
1780305852,3,448.089987,75.340306,12.989650,151.100959,15.039222,15.039222,448.089987,448.089987,448.089987,448.089987,0.011457,0.004323,0.089052,0.152458,calls/second,milliseconds
1780305853,3,448.089987,75.340306,12.989650,151.100959,15.039222,15.039222,448.089987,448.089987,448.089987,448.089987,0.011413,0.004323,0.089052,0.152458,calls/second,milliseconds
1780305854,3,448.089987,75.340306,12.989650,151.100959,15.039222,15.039222,448.089987,448.089987,448.089987,448.089987,0.011370,0.004323,0.089052,0.152458,calls/second,milliseconds
1780305855,3,448.089987,75.340306,12.989650,151.100959,15.039222,15.039222,448.089987,448.089987,448.089987,448.089987,0.011327,0.004323,0.089052,0.152458,calls/second,milliseconds
1780305856,3,448.089987,75.340306,12.989650,151.100959,15.039222,15.039222,448.089987,448.089987,448.089987,448.089987,0.011284,0.003977,0.087580,0.151613,calls/second,milliseconds
1780305857,3,448.089987,75.340306,12.989650,151.100959,15.039222,15.039222,448.089987,448.089987,448.089987,448.089987,0.011242,0.003977,0.087580,0.151613,calls/second,milliseconds
1780305858,3,448.089987,75.340306,12.989650,151.100959,15.039222,15.039222,448.089987,448.089987,448.089987,448.089987,0.011200,0.003977,0.087580,0.151613,calls/second,milliseconds
1780305859,3,448.089987,75.340306,12.989650,151.100959,15.039222,15.039222,448.089987,448.089987,448.089987,448.089987,0.011158,0.003977,0.087580,0.151613,calls/second,milliseconds
1780305860,3,448.089987,75.340306,12.989650,151.100959,15.039222,15.039222,448.089987,448.089987,448.089987,448.089987,0.011117,0.003977,0.087580,0.151613,calls/second,milliseconds
1780305861,3,448.089987,75.340306,12.989650,151.100959,15.039222,15.039222,448.089987,448.089987,448.089987,448.089987,0.011076,0.003659,0.086132,0.150773,calls/second,milliseconds
1780305862,3,448.089987,75.340306,12.989650,151.100959,15.039222,15.039222,448.089987,448.089987,448.089987,448.089987,0.011035,0.003659,0.086132,0.150773,calls/second,milliseconds
1780305863,3,448.089987,75.340306,12.989650,151.100959,15.039222,15.039222,448.089987,448.089987,448.089987,448.089987,0.010994,0.003659,0.086132,0.150773,calls/second,milliseconds
1780305864,3,448.089987,75.340306,12.989650,151.100959,15.039222,15.039222,448.089987,448.089987,448.089987,448.089987,0.010954,0.003659,0.086132,0.150773,calls/second,milliseconds
1780305865,3,448.089987,75.340306,12.989650,151.100959,15.039222,15.039222,448.089987,448.089987,448.089987,448.089987,0.010914,0.003659,0.086132,0.150773,calls/second,milliseconds
1780305866,3,448.089987,75.340306,12.989650,151.100959,15.039222,15.039222,448.089987,448.089987,448.089987,448.089987,0.010875,0.003367,0.084709,0.149938,calls/second,milliseconds
1780305867,3,448.089987,75.340306,12.989650,151.100959,15.039222,15.039222,448.089987,448.089987,448.089987,448.089987,0.010835,0.003367,0.084709,0.149938,calls/second,milliseconds
1780305868,3,448.089987,75.340306,12.989650,151.100959,15.039222,15.039222,448.089987,448.089987,448.089987,448.089987,0.010796,0.003367,0.084709,0.149938,calls/second,milliseconds
1780305869,3,448.089987,75.340306,12.989650,151.100959,15.039222,15.039222,448.089987,448.089987,448.089987,448.089987,0.010757,0.003367,0.084709,0.149938,calls/second,milliseconds
1780305870,3,448.089987,75.340306,12.989650,151.100959,15.039222,15.039222,448.089987,448.089987,448.089987,448.089987,0.010719,0.003367,0.084709,0.149938,calls/second,milliseconds
1780305871,3,448.089987,75.340306,12.989650,151.100959,15.039222,15.039222,448.089987,448.089987,448.089987,448.089987,0.010681,0.003098,0.083309,0.149107,calls/second,milliseconds
1780305872,3,448.089987,75.340306,12.989650,151.100959,15.039222,15.039222,448.089987,448.089987,448.089987,448.089987,0.010643,0.003098,0.083309,0.149107,calls/second,milliseconds
1780305873,3,448.089987,75.340306,12.989650,151.100959,15.039222,15.039222,448.089987,448.089987,448.089987,448.089987,0.010605,0.003098,0.083309,0.149107,calls/second,milliseconds
1780305874,3,448.089987,75.340306,12.989650,151.100959,15.039222,15.039222,448.089987,448.089987,448.089987,448.089987,0.010568,0.003098,0.083309,0.149107,calls/second,milliseconds
1780305875,3,448.089987,75.340306,12.989650,151.100959,15.039222,15.039222,448.089987,448.089987,448.089987,448.089987,0.010530,0.003098,0.083309,0.149107,calls/second,milliseconds
1780305876,3,448.089987,75.340306,12.989650,151.100959,15.039222,15.039222,448.089987,448.089987,448.089987,448.089987,0.010494,0.002850,0.081932,0.148281,calls/second,milliseconds
1780305877,3,448.089987,75.340306,12.989650,151.100959,15.039222,15.039222,448.089987,448.089987,448.089987,448.089987,0.010457,0.002850,0.081932,0.148281,calls/second,milliseconds
1780305878,3,448.089987,75.340306,12.989650,151.100959,15.039222,15.039222,448.089987,448.089987,448.089987,448.089987,0.010421,0.002850,0.081932,0.148281,calls/second,milliseconds
1780305879,3,448.089987,75.340306,12.989650,151.100959,15.039222,15.039222,448.089987,448.089987,448.089987,448.089987,0.010384,0.002850,0.081932,0.148281,calls/second,milliseconds
1780305880,3,448.089987,75.340306,12.989650,151.100959,15.039222,15.039222,448.089987,448.089987,448.089987,448.089987,0.010349,0.002850,0.081932,0.148281,calls/second,milliseconds
1780305881,3,448.089987,75.340306,12.989650,151.100959,15.039222,15.039222,448.089987,448.089987,448.089987,448.089987,0.010313,0.002622,0.080578,0.147460,calls/second,milliseconds
1780305882,3,448.089987,75.340306,12.989650,151.100959,15.039222,15.039222,448.089987,448.089987,448.089987,448.089987,0.010278,0.002622,0.080578,0.147460,calls/second,milliseconds
1780305883,3,448.089987,75.340306,12.989650,151.100959,15.039222,15.039222,448.089987,448.089987,448.089987,448.089987,0.010242,0.002622,0.080578,0.147460,calls/second,milliseconds
1780305884,3,448.089987,75.340306,12.989650,151.100959,15.039222,15.039222,448.089987,448.089987,448.089987,448.089987,0.010208,0.002622,0.080578,0.147460,calls/second,milliseconds
1780305885,3,448.089987,75.340306,12.989650,151.100959,15.039222,15.039222,448.089987,448.089987,448.089987,448.089987,0.010173,0.002622,0.080578,0.147460,calls/second,milliseconds
1780305886,3,448.089987,75.340306,12.989650,151.100959,15.039222,15.039222,448.089987,448.089987,448.089987,448.089987,0.010138,0.002412,0.079246,0.146643,calls/second,milliseconds
1780305887,3,448.089987,75.340306,12.989650,151.100959,15.039222,15.039222,448.089987,448.089987,448.089987,448.089987,0.010104,0.002412,0.079246,0.146643,calls/second,milliseconds
1780305888,3,448.089987,75.340306,12.989650,151.100959,15.039222,15.039222,448.089987,448.089987,448.089987,448.089987,0.010070,0.002412,0.079246,0.146643,calls/second,milliseconds
1780305889,3,448.089987,75.340306,12.989650,151.100959,15.039222,15.039222,448.089987,448.089987,448.089987,448.089987,0.010037,0.002412,0.079246,0.146643,calls/second,milliseconds
1780305890,3,448.089987,75.340306,12.989650,151.100959,15.039222,15.039222,448.089987,448.089987,448.089987,448.089987,0.010003,0.002412,0.079246,0.146643,calls/second,milliseconds
1780305891,3,448.089987,75.340306,12.989650,151.100959,15.039222,15.039222,448.089987,448.089987,448.089987,448.089987,0.009970,0.002219,0.077936,0.145831,calls/second,milliseconds
1780305892,3,448.089987,75.340306,12.989650,151.100959,15.039222,15.039222,448.089987,448.089987,448.089987,448.089987,0.009937,0.002219,0.077936,0.145831,calls/second,milliseconds
1780305893,3,448.089987,75.340306,12.989650,151.100959,15.039222,15.039222,448.089987,448.089987,448.089987,448.089987,0.009904,0.002219,0.077936,0.145831,calls/second,milliseconds
1780305894,3,448.089987,75.340306,12.989650,151.100959,15.039222,15.039222,448.089987,448.089987,448.089987,448.089987,0.009871,0.002219,0.077936,0.145831,calls/second,milliseconds
1780305895,3,448.089987,75.340306,12.989650,151.100959,15.039222,15.039222,448.089987,448.089987,448.089987,448.089987,0.009839,0.002219,0.077936,0.145831,calls/second,milliseconds
1780305896,3,448.089987,75.340306,12.989650,151.100959,15.039222,15.039222,448.089987,448.089987,448.089987,448.089987,0.009807,0.002042,0.076648,0.145023,calls/second,milliseconds
1780305897,3,448.089987,75.340306,12.989650,151.100959,15.039222,15.039222,448.089987,448.089987,448.089987,448.089987,0.009775,0.002042,0.076648,0.145023,calls/second,milliseconds
1780305898,3,448.089987,75.340306,12.989650,151.100959,15.039222,15.039222,448.089987,448.089987,448.089987,448.089987,0.009743,0.002042,0.076648,0.145023,calls/second,milliseconds
1780305899,3,448.089987,75.340306,12.989650,151.100959,15.039222,15.039222,448.089987,448.089987,448.089987,448.089987,0.009711,0.002042,0.076648,0.145023,calls/second,milliseconds
1780305900,3,448.089987,75.340306,12.989650,151.100959,15.039222,15.039222,448.089987,448.089987,448.089987,448.089987,0.009680,0.002042,0.076648,0.145023,calls/second,milliseconds
1780305901,3,448.089987,75.340306,12.989650,151.100959,15.039222,15.039222,448.089987,448.089987,448.089987,448.089987,0.009649,0.001879,0.075381,0.144219,calls/second,milliseconds
1780305902,3,448.089987,75.340306,12.989650,151.100959,15.039222,15.039222,448.089987,448.089987,448.089987,448.089987,0.009618,0.001879,0.075381,0.144219,calls/second,milliseconds
1780305903,3,448.089987,75.340306,12.989650,151.100959,15.039222,15.039222,448.089987,448.089987,448.089987,448.089987,0.009587,0.001879,0.075381,0.144219,calls/second,milliseconds
1780305904,3,448.089987,75.340306,12.989650,151.100959,15.039222,15.039222,448.089987,448.089987,448.089987,448.089987,0.009556,0.001879,0.075381,0.144219,calls/second,milliseconds
1780305905,3,448.089987,75.340306,12.989650,151.100959,15.039222,15.039222,448.089987,448.089987,448.089987,448.089987,0.009526,0.001879,0.075381,0.144219,calls/second,milliseconds
1780305906,3,448.089987,75.340306,12.989650,151.100959,15.039222,15.039222,448.089987,448.089987,448.089987,448.089987,0.009496,0.001729,0.074135,0.143420,calls/second,milliseconds
1780305907,3,448.089987,75.340306,12.989650,151.100959,15.039222,15.039222,448.089987,448.089987,448.089987,448.089987,0.009466,0.001729,0.074135,0.143420,calls/second,milliseconds
1780305908,3,448.089987,75.340306,12.989650,151.100959,15.039222,15.039222,448.089987,448.089987,448.089987,448.089987,0.009436,0.001729,0.074135,0.143420,calls/second,milliseconds
1780305909,3,448.089987,75.340306,12.989650,151.100959,15.039222,15.039222,448.089987,448.089987,448.089987,448.089987,0.009406,0.001729,0.074135,0.143420,calls/second,milliseconds
1780305910,3,448.089987,75.340306,12.989650,151.100959,15.039222,15.039222,448.089987,448.089987,448.089987,448.089987,0.009377,0.001729,0.074135,0.143420,calls/second,milliseconds
1780305911,3,448.089987,75.340306,12.989650,151.100959,15.039222,15.039222,448.089987,448.089987,448.089987,448.089987,0.009348,0.001590,0.072910,0.142626,calls/second,milliseconds
1780305912,3,448.089987,75.340306,12.989650,151.100959,15.039222,15.039222,448.089987,448.089987,448.089987,448.089987,0.009319,0.001590,0.072910,0.142626,calls/second,milliseconds
1780305913,3,448.089987,75.340306,12.989650,151.100959,15.039222,15.039222,448.089987,448.089987,448.089987,448.089987,0.009290,0.001590,0.072910,0.142626,calls/second,milliseconds
1780305914,3,448.089987,75.340306,12.989650,151.100959,15.039222,15.039222,448.089987,448.089987,448.089987,448.089987,0.009261,0.001590,0.072910,0.142626,calls/second,milliseconds
1780305915,3,448.089987,75.340306,12.989650,151.100959,15.039222,15.039222,448.089987,448.089987,448.089987,448.089987,0.009232,0.001590,0.072910,0.142626,calls/second,milliseconds
1780305916,3,448.089987,75.340306,12.989650,151.100959,15.039222,15.039222,448.089987,448.089987,448.089987,448.089987,0.009204,0.001463,0.071704,0.141835,calls/second,milliseconds
1780305917,3,448.089987,75.340306,12.989650,151.100959,15.039222,15.039222,448.089987,448.089987,448.089987,448.089987,0.009176,0.001463,0.071704,0.141835,calls/second,milliseconds
1780305918,3,448.089987,75.340306,12.989650,151.100959,15.039222,15.039222,448.089987,448.089987,448.089987,448.089987,0.009148,0.001463,0.071704,0.141835,calls/second,milliseconds
1780305919,3,448.089987,75.340306,12.989650,151.100959,15.039222,15.039222,448.089987,448.089987,448.089987,448.089987,0.009120,0.001463,0.071704,0.141835,calls/second,milliseconds
1780305920,3,448.089987,75.340306,12.989650,151.100959,15.039222,15.039222,448.089987,448.089987,448.089987,448.089987,0.009092,0.001463,0.071704,0.141835,calls/second,milliseconds
1780305921,3,448.089987,75.340306,12.989650,151.100959,15.039222,15.039222,448.089987,448.089987,448.089987,448.089987,0.009065,0.001346,0.070519,0.141050,calls/second,milliseconds
1780305922,3,448.089987,75.340306,12.989650,151.100959,15.039222,15.039222,448.089987,448.089987,448.089987,448.089987,0.009037,0.001346,0.070519,0.141050,calls/second,milliseconds
1780305923,3,448.089987,75.340306,12.989650,151.100959,15.039222,15.039222,448.089987,448.089987,448.089987,448.089987,0.009010,0.001346,0.070519,0.141050,calls/second,milliseconds
1780305924,3,448.089987,75.340306,12.989650,151.100959,15.039222,15.039222,448.089987,448.089987,448.089987,448.089987,0.008983,0.001346,0.070519,0.141050,calls/second,milliseconds
1780305925,3,448.089987,75.340306,12.989650,151.100959,15.039222,15.039222,448.089987,448.089987,448.089987,448.089987,0.008956,0.001346,0.070519,0.141050,calls/second,milliseconds
1780305926,3,448.089987,75.340306,12.989650,151.100959,15.039222,15.039222,448.089987,448.089987,448.089987,448.089987,0.008930,0.001239,0.069354,0.140268,calls/second,milliseconds
1780305927,3,448.089987,75.340306,12.989650,151.100959,15.039222,15.039222,448.089987,448.089987,448.089987,448.089987,0.008903,0.001239,0.069354,0.140268,calls/second,milliseconds
1780305928,3,448.089987,75.340306,12.989650,151.100959,15.039222,15.039222,448.089987,448.089987,448.089987,448.089987,0.008877,0.001239,0.069354,0.140268,calls/second,milliseconds
1780305929,4,448.089987,15.440125,12.813312,33.414332,12.813312,12.813312,12.813312,15.039222,15.039222,448.089987,0.011801,0.001239,0.069354,0.140268,calls/second,milliseconds
1780305930,4,448.089987,15.440125,12.813312,33.414332,12.813312,12.813312,12.813312,15.039222,15.039222,448.089987,0.011766,0.001239,0.069354,0.140268,calls/second,milliseconds
1780305931,4,448.089987,15.440125,12.813312,33.414332,12.813312,12.813312,12.813312,15.039222,15.039222,448.089987,0.011731,0.017131,0.071513,0.140599,calls/second,milliseconds
1780305932,4,448.089987,15.440125,12.813312,33.414332,12.813312,12.813312,12.813312,15.039222,15.039222,448.089987,0.011697,0.017131,0.071513,0.140599,calls/second,milliseconds
1780305933,4,448.089987,15.440125,12.813312,33.414332,12.813312,12.813312,12.813312,15.039222,15.039222,448.089987,0.011663,0.017131,0.071513,0.140599,calls/second,milliseconds
1780305934,4,448.089987,15.440125,12.813312,33.414332,12.813312,12.813312,12.813312,15.039222,15.039222,448.089987,0.011629,0.017131,0.071513,0.140599,calls/second,milliseconds
1780305935,4,448.089987,15.440125,12.813312,33.414332,12.813312,12.813312,12.813312,15.039222,15.039222,448.089987,0.011595,0.017131,0.071513,0.140599,calls/second,milliseconds
1780305936,4,448.089987,15.440125,12.813312,33.414332,12.813312,12.813312,12.813312,15.039222,15.039222,448.089987,0.011562,0.015761,0.070331,0.139820,calls/second,milliseconds
1780305937,4,448.089987,15.440125,12.813312,33.414332,12.813312,12.813312,12.813312,15.039222,15.039222,448.089987,0.011528,0.015761,0.070331,0.139820,calls/second,milliseconds
1780305938,4,448.089987,15.440125,12.813312,33.414332,12.813312,12.813312,12.813312,15.039222,15.039222,448.089987,0.011495,0.015761,0.070331,0.139820,calls/second,milliseconds
1780305939,5,448.089987,12.516663,9.890070,23.153327,9.890070,12.813312,12.813312,12.813312,15.039222,448.089987,0.014328,0.015761,0.070331,0.139820,calls/second,milliseconds
1780305940,5,448.089987,12.516663,9.890070,23.153327,9.890070,12.813312,12.813312,12.813312,15.039222,448.089987,0.014287,0.015761,0.070331,0.139820,calls/second,milliseconds
1780305941,5,448.089987,12.516663,9.890070,23.153327,9.890070,12.813312,12.813312,12.813312,15.039222,448.089987,0.014246,0.030492,0.072474,0.140154,calls/second,milliseconds
1780305942,5,448.089987,12.516663,9.890070,23.153327,9.890070,12.813312,12.813312,12.813312,15.039222,448.089987,0.014205,0.030492,0.072474,0.140154,calls/second,milliseconds
1780305943,5,448.089987,12.516663,9.890070,23.153327,9.890070,12.813312,12.813312,12.813312,15.039222,448.089987,0.014165,0.030492,0.072474,0.140154,calls/second,milliseconds
1780305944,5,448.089987,12.516663,9.890070,23.153327,9.890070,12.813312,12.813312,12.813312,15.039222,448.089987,0.014125,0.030492,0.072474,0.140154,calls/second,milliseconds
1780305945,5,448.089987,12.516663,9.890070,23.153327,9.890070,12.813312,12.813312,12.813312,15.039222,448.089987,0.014085,0.030492,0.072474,0.140154,calls/second,milliseconds
1780305946,5,448.089987,12.516663,9.890070,23.153327,9.890070,12.813312,12.813312,12.813312,15.039222,448.089987,0.014045,0.028054,0.071276,0.139377,calls/second,milliseconds
1780305947,5,448.089987,12.516663,9.890070,23.153327,9.890070,12.813312,12.813312,12.813312,15.039222,448.089987,0.014006,0.028054,0.071276,0.139377,calls/second,milliseconds
1780305948,5,448.089987,12.516663,9.890070,23.153327,9.890070,12.813312,12.813312,12.813312,15.039222,448.089987,0.013967,0.028054,0.071276,0.139377,calls/second,milliseconds
1780305949,5,448.089987,12.516663,9.890070,23.153327,9.890070,12.813312,12.813312,12.813312,15.039222,448.089987,0.013928,0.028054,0.071276,0.139377,calls/second,milliseconds
1780305950,5,448.089987,12.516663,9.890070,23.153327,9.890070,12.813312,12.813312,12.813312,15.039222,448.089987,0.013889,0.028054,0.071276,0.139377,calls/second,milliseconds
1780305951,5,448.089987,12.516663,9.890070,23.153327,9.890070,12.813312,12.813312,12.813312,15.039222,448.089987,0.013851,0.025811,0.070098,0.138605,calls/second,milliseconds
1780305952,5,448.089987,12.516663,9.890070,23.153327,9.890070,12.813312,12.813312,12.813312,15.039222,448.089987,0.013812,0.025811,0.070098,0.138605,calls/second,milliseconds
1780305953,5,448.089987,12.516663,9.890070,23.153327,9.890070,12.813312,12.813312,12.813312,15.039222,448.089987,0.013774,0.025811,0.070098,0.138605,calls/second,milliseconds
1780305954,5,448.089987,12.516663,9.890070,23.153327,9.890070,12.813312,12.813312,12.813312,15.039222,448.089987,0.013736,0.025811,0.070098,0.138605,calls/second,milliseconds
1780305955,5,448.089987,12.516663,9.890070,23.153327,9.890070,12.813312,12.813312,12.813312,15.039222,448.089987,0.013699,0.023747,0.068940,0.137837,calls/second,milliseconds
1780305956,5,448.089987,12.516663,9.890070,23.153327,9.890070,12.813312,12.813312,12.813312,15.039222,448.089987,0.013661,0.023747,0.068940,0.137837,calls/second,milliseconds
1780305957,5,448.089987,12.516663,9.890070,23.153327,9.890070,12.813312,12.813312,12.813312,15.039222,448.089987,0.013624,0.023747,0.068940,0.137837,calls/second,milliseconds
1780305958,5,448.089987,12.516663,9.890070,23.153327,9.890070,12.813312,12.813312,12.813312,15.039222,448.089987,0.013587,0.023747,0.068940,0.137837,calls/second,milliseconds
1780305959,5,448.089987,12.516663,9.890070,23.153327,9.890070,12.813312,12.813312,12.813312,15.039222,448.089987,0.013550,0.023747,0.068940,0.137837,calls/second,milliseconds
1780305960,5,448.089987,12.516663,9.890070,23.153327,9.890070,12.813312,12.813312,12.813312,15.039222,448.089987,0.013513,0.021848,0.067800,0.137073,calls/second,milliseconds
1780305961,5,448.089987,12.516663,9.890070,23.153327,9.890070,12.813312,12.813312,12.813312,15.039222,448.089987,0.013477,0.021848,0.067800,0.137073,calls/second,milliseconds
1780305962,5,448.089987,12.516663,9.890070,23.153327,9.890070,12.813312,12.813312,12.813312,15.039222,448.089987,0.013440,0.021848,0.067800,0.137073,calls/second,milliseconds
1780305963,5,448.089987,12.516663,9.890070,23.153327,9.890070,12.813312,12.813312,12.813312,15.039222,448.089987,0.013404,0.021848,0.067800,0.137073,calls/second,milliseconds
1780305964,5,448.089987,12.516663,9.890070,23.153327,9.890070,12.813312,12.813312,12.813312,15.039222,448.089987,0.013368,0.021848,0.067800,0.137073,calls/second,milliseconds
1780305965,5,448.089987,12.516663,9.890070,23.153327,9.890070,12.813312,12.813312,12.813312,15.039222,448.089987,0.013333,0.020101,0.066680,0.136314,calls/second,milliseconds
1780305966,5,448.089987,12.516663,9.890070,23.153327,9.890070,12.813312,12.813312,12.813312,15.039222,448.089987,0.013297,0.020101,0.066680,0.136314,calls/second,milliseconds
1780305967,5,448.089987,12.516663,9.890070,23.153327,9.890070,12.813312,12.813312,12.813312,15.039222,448.089987,0.013262,0.020101,0.066680,0.136314,calls/second,milliseconds
1780305968,5,448.089987,12.516663,9.890070,23.153327,9.890070,12.813312,12.813312,12.813312,15.039222,448.089987,0.013227,0.020101,0.066680,0.136314,calls/second,milliseconds
1780305969,5,448.089987,12.516663,9.890070,23.153327,9.890070,12.813312,12.813312,12.813312,15.039222,448.089987,0.013192,0.020101,0.066680,0.136314,calls/second,milliseconds
1780305970,5,448.089987,12.516663,9.890070,23.153327,9.890070,12.813312,12.813312,12.813312,15.039222,448.089987,0.013157,0.018494,0.065577,0.135559,calls/second,milliseconds
1780305971,5,448.089987,12.516663,9.890070,23.153327,9.890070,12.813312,12.813312,12.813312,15.039222,448.089987,0.013122,0.018494,0.065577,0.135559,calls/second,milliseconds
1780305972,5,448.089987,12.516663,9.890070,23.153327,9.890070,12.813312,12.813312,12.813312,15.039222,448.089987,0.013088,0.018494,0.065577,0.135559,calls/second,milliseconds
1780305973,5,448.089987,12.516663,9.890070,23.153327,9.890070,12.813312,12.813312,12.813312,15.039222,448.089987,0.013054,0.018494,0.065577,0.135559,calls/second,milliseconds
1780305974,5,448.089987,12.516663,9.890070,23.153327,9.890070,12.813312,12.813312,12.813312,15.039222,448.089987,0.013020,0.018494,0.065577,0.135559,calls/second,milliseconds
1780305975,5,448.089987,12.516663,9.890070,23.153327,9.890070,12.813312,12.813312,12.813312,15.039222,448.089987,0.012986,0.017016,0.064494,0.134808,calls/second,milliseconds
1780305976,5,448.089987,12.516663,9.890070,23.153327,9.890070,12.813312,12.813312,12.813312,15.039222,448.089987,0.012952,0.017016,0.064494,0.134808,calls/second,milliseconds
1780305977,5,448.089987,12.516663,9.890070,23.153327,9.890070,12.813312,12.813312,12.813312,15.039222,448.089987,0.012919,0.017016,0.064494,0.134808,calls/second,milliseconds
1780305978,5,448.089987,12.516663,9.890070,23.153327,9.890070,12.813312,12.813312,12.813312,15.039222,448.089987,0.012885,0.017016,0.064494,0.134808,calls/second,milliseconds
1780305979,5,448.089987,12.516663,9.890070,23.153327,9.890070,12.813312,12.813312,12.813312,15.039222,448.089987,0.012852,0.017016,0.064494,0.134808,calls/second,milliseconds
1780305980,5,448.089987,12.516663,9.890070,23.153327,9.890070,12.813312,12.813312,12.813312,15.039222,448.089987,0.012819,0.015655,0.063428,0.134061,calls/second,milliseconds
1780305981,5,448.089987,12.516663,9.890070,23.153327,9.890070,12.813312,12.813312,12.813312,15.039222,448.089987,0.012786,0.015655,0.063428,0.134061,calls/second,milliseconds
1780305982,5,448.089987,12.516663,9.890070,23.153327,9.890070,12.813312,12.813312,12.813312,15.039222,448.089987,0.012754,0.015655,0.063428,0.134061,calls/second,milliseconds
1780305983,5,448.089987,12.516663,9.890070,23.153327,9.890070,12.813312,12.813312,12.813312,15.039222,448.089987,0.012721,0.015655,0.063428,0.134061,calls/second,milliseconds
1780305984,5,448.089987,12.516663,9.890070,23.153327,9.890070,12.813312,12.813312,12.813312,15.039222,448.089987,0.012689,0.015655,0.063428,0.134061,calls/second,milliseconds
1780305985,5,448.089987,12.516663,9.890070,23.153327,9.890070,12.813312,12.813312,12.813312,15.039222,448.089987,0.012657,0.014403,0.062379,0.133318,calls/second,milliseconds
1780305986,5,448.089987,12.516663,9.890070,23.153327,9.890070,12.813312,12.813312,12.813312,15.039222,448.089987,0.012625,0.014403,0.062379,0.133318,calls/second,milliseconds
1780305987,5,448.089987,12.516663,9.890070,23.153327,9.890070,12.813312,12.813312,12.813312,15.039222,448.089987,0.012593,0.014403,0.062379,0.133318,calls/second,milliseconds
1780305988,5,448.089987,12.516663,9.890070,23.153327,9.890070,12.813312,12.813312,12.813312,15.039222,448.089987,0.012561,0.014403,0.062379,0.133318,calls/second,milliseconds
1780305989,5,448.089987,12.516663,9.890070,23.153327,9.890070,12.813312,12.813312,12.813312,15.039222,448.089987,0.012530,0.014403,0.062379,0.133318,calls/second,milliseconds
1780305990,5,448.089987,12.516663,9.890070,23.153327,9.890070,12.813312,12.813312,12.813312,15.039222,448.089987,0.012498,0.013252,0.061348,0.132580,calls/second,milliseconds
1780305991,5,448.089987,12.516663,9.890070,23.153327,9.890070,12.813312,12.813312,12.813312,15.039222,448.089987,0.012467,0.013252,0.061348,0.132580,calls/second,milliseconds
1780305992,5,448.089987,12.516663,9.890070,23.153327,9.890070,12.813312,12.813312,12.813312,15.039222,448.089987,0.012436,0.013252,0.061348,0.132580,calls/second,milliseconds
1780305993,5,448.089987,12.516663,9.890070,23.153327,9.890070,12.813312,12.813312,12.813312,15.039222,448.089987,0.012405,0.013252,0.061348,0.132580,calls/second,milliseconds
1780305994,5,448.089987,12.516663,9.890070,23.153327,9.890070,12.813312,12.813312,12.813312,15.039222,448.089987,0.012374,0.013252,0.061348,0.132580,calls/second,milliseconds
1780305995,5,448.089987,12.516663,9.890070,23.153327,9.890070,12.813312,12.813312,12.813312,15.039222,448.089987,0.012344,0.012192,0.060334,0.131845,calls/second,milliseconds
1780305996,5,448.089987,12.516663,9.890070,23.153327,9.890070,12.813312,12.813312,12.813312,15.039222,448.089987,0.012313,0.012192,0.060334,0.131845,calls/second,milliseconds
1780305997,5,448.089987,12.516663,9.890070,23.153327,9.890070,12.813312,12.813312,12.813312,15.039222,448.089987,0.012283,0.012192,0.060334,0.131845,calls/second,milliseconds
1780305998,5,448.089987,12.516663,9.890070,23.153327,9.890070,12.813312,12.813312,12.813312,15.039222,448.089987,0.012253,0.012192,0.060334,0.131845,calls/second,milliseconds
1780305999,5,448.089987,12.516663,9.890070,23.153327,9.890070,12.813312,12.813312,12.813312,15.039222,448.089987,0.012223,0.012192,0.060334,0.131845,calls/second,milliseconds
1780306000,5,448.089987,12.516663,9.890070,23.153327,9.890070,12.813312,12.813312,12.813312,15.039222,448.089987,0.012193,0.011217,0.059337,0.131115,calls/second,milliseconds
1780306001,5,448.089987,12.516663,9.890070,23.153327,9.890070,12.813312,12.813312,12.813312,15.039222,448.089987,0.012163,0.011217,0.059337,0.131115,calls/second,milliseconds
1780306002,5,448.089987,12.516663,9.890070,23.153327,9.890070,12.813312,12.813312,12.813312,15.039222,448.089987,0.012134,0.011217,0.059337,0.131115,calls/second,milliseconds
1780306003,5,448.089987,12.516663,9.890070,23.153327,9.890070,12.813312,12.813312,12.813312,15.039222,448.089987,0.012104,0.011217,0.059337,0.131115,calls/second,milliseconds
1780306004,5,448.089987,12.516663,9.890070,23.153327,9.890070,12.813312,12.813312,12.813312,15.039222,448.089987,0.012075,0.011217,0.059337,0.131115,calls/second,milliseconds
1780306005,5,448.089987,12.516663,9.890070,23.153327,9.890070,12.813312,12.813312,12.813312,15.039222,448.089987,0.012046,0.010320,0.058356,0.130388,calls/second,milliseconds
1780306006,5,448.089987,12.516663,9.890070,23.153327,9.890070,12.813312,12.813312,12.813312,15.039222,448.089987,0.012017,0.010320,0.058356,0.130388,calls/second,milliseconds
1780306007,5,448.089987,12.516663,9.890070,23.153327,9.890070,12.813312,12.813312,12.813312,15.039222,448.089987,0.011988,0.010320,0.058356,0.130388,calls/second,milliseconds
1780306008,5,448.089987,12.516663,9.890070,23.153327,9.890070,12.813312,12.813312,12.813312,15.039222,448.089987,0.011959,0.010320,0.058356,0.130388,calls/second,milliseconds
1780306009,5,448.089987,12.516663,9.890070,23.153327,9.890070,12.813312,12.813312,12.813312,15.039222,448.089987,0.011931,0.010320,0.058356,0.130388,calls/second,milliseconds
1780306010,5,448.089987,12.516663,9.890070,23.153327,9.890070,12.813312,12.813312,12.813312,15.039222,448.089987,0.011902,0.009495,0.057392,0.129666,calls/second,milliseconds
1780306011,5,448.089987,12.516663,9.890070,23.153327,9.890070,12.813312,12.813312,12.813312,15.039222,448.089987,0.011874,0.009495,0.057392,0.129666,calls/second,milliseconds
1780306012,5,448.089987,12.516663,9.890070,23.153327,9.890070,12.813312,12.813312,12.813312,15.039222,448.089987,0.011846,0.009495,0.057392,0.129666,calls/second,milliseconds
1780306013,5,448.089987,12.516663,9.890070,23.153327,9.890070,12.813312,12.813312,12.813312,15.039222,448.089987,0.011818,0.009495,0.057392,0.129666,calls/second,milliseconds
1780306014,5,448.089987,12.516663,9.890070,23.153327,9.890070,12.813312,12.813312,12.813312,15.039222,448.089987,0.011790,0.009495,0.057392,0.129666,calls/second,milliseconds
1780306015,5,448.089987,12.516663,9.890070,23.153327,9.890070,12.813312,12.813312,12.813312,15.039222,448.089987,0.011762,0.008736,0.056443,0.128948,calls/second,milliseconds
1780306016,5,448.089987,12.516663,9.890070,23.153327,9.890070,12.813312,12.813312,12.813312,15.039222,448.089987,0.011735,0.008736,0.056443,0.128948,calls/second,milliseconds
1780306017,5,448.089987,12.516663,9.890070,23.153327,9.890070,12.813312,12.813312,12.813312,15.039222,448.089987,0.011707,0.008736,0.056443,0.128948,calls/second,milliseconds
1780306018,5,448.089987,12.516663,9.890070,23.153327,9.890070,12.813312,12.813312,12.813312,15.039222,448.089987,0.011680,0.008736,0.056443,0.128948,calls/second,milliseconds
1780306019,5,448.089987,12.516663,9.890070,23.153327,9.890070,12.813312,12.813312,12.813312,15.039222,448.089987,0.011652,0.008736,0.056443,0.128948,calls/second,milliseconds
1780306020,5,448.089987,12.516663,9.890070,23.153327,9.890070,12.813312,12.813312,12.813312,15.039222,448.089987,0.011625,0.008038,0.055510,0.128233,calls/second,milliseconds
1780306021,5,448.089987,12.516663,9.890070,23.153327,9.890070,12.813312,12.813312,12.813312,15.039222,448.089987,0.011598,0.008038,0.055510,0.128233,calls/second,milliseconds
1780306022,5,448.089987,12.516663,9.890070,23.153327,9.890070,12.813312,12.813312,12.813312,15.039222,448.089987,0.011571,0.008038,0.055510,0.128233,calls/second,milliseconds
1780306023,5,448.089987,12.516663,9.890070,23.153327,9.890070,12.813312,12.813312,12.813312,15.039222,448.089987,0.011545,0.008038,0.055510,0.128233,calls/second,milliseconds
1780306024,5,448.089987,12.516663,9.890070,23.153327,9.890070,12.813312,12.813312,12.813312,15.039222,448.089987,0.011518,0.008038,0.055510,0.128233,calls/second,milliseconds
1780306025,5,448.089987,12.516663,9.890070,23.153327,9.890070,12.813312,12.813312,12.813312,15.039222,448.089987,0.011492,0.007395,0.054593,0.127523,calls/second,milliseconds
1780306026,5,448.089987,12.516663,9.890070,23.153327,9.890070,12.813312,12.813312,12.813312,15.039222,448.089987,0.011465,0.007395,0.054593,0.127523,calls/second,milliseconds
1780306027,5,448.089987,12.516663,9.890070,23.153327,9.890070,12.813312,12.813312,12.813312,15.039222,448.089987,0.011439,0.007395,0.054593,0.127523,calls/second,milliseconds
1780306028,5,448.089987,12.516663,9.890070,23.153327,9.890070,12.813312,12.813312,12.813312,15.039222,448.089987,0.011413,0.007395,0.054593,0.127523,calls/second,milliseconds
1780306029,5,448.089987,12.516663,9.890070,23.153327,9.890070,12.813312,12.813312,12.813312,15.039222,448.089987,0.011387,0.007395,0.054593,0.127523,calls/second,milliseconds
1780306030,5,448.089987,12.516663,9.890070,23.153327,9.890070,12.813312,12.813312,12.813312,15.039222,448.089987,0.011361,0.006804,0.053690,0.126816,calls/second,milliseconds
1780306031,5,448.089987,12.516663,9.890070,23.153327,9.890070,12.813312,12.813312,12.813312,15.039222,448.089987,0.011335,0.006804,0.053690,0.126816,calls/second,milliseconds
1780306032,5,448.089987,12.516663,9.890070,23.153327,9.890070,12.813312,12.813312,12.813312,15.039222,448.089987,0.011309,0.006804,0.053690,0.126816,calls/second,milliseconds
1780306033,5,448.089987,12.516663,9.890070,23.153327,9.890070,12.813312,12.813312,12.813312,15.039222,448.089987,0.011284,0.006804,0.053690,0.126816,calls/second,milliseconds
1780306034,5,448.089987,12.516663,9.890070,23.153327,9.890070,12.813312,12.813312,12.813312,15.039222,448.089987,0.011258,0.006804,0.053690,0.126816,calls/second,milliseconds
1780306035,5,448.089987,12.516663,9.890070,23.153327,9.890070,12.813312,12.813312,12.813312,15.039222,448.089987,0.011233,0.006260,0.052803,0.126114,calls/second,milliseconds
1780306037,5,448.089987,12.516663,9.890070,23.153327,9.890070,12.813312,12.813312,12.813312,15.039222,448.089987,0.011208,0.006260,0.052803,0.126114,calls/second,milliseconds
1780306038,5,448.089987,12.516663,9.890070,23.153327,9.890070,12.813312,12.813312,12.813312,15.039222,448.089987,0.011183,0.006260,0.052803,0.126114,calls/second,milliseconds
1780306039,5,448.089987,12.516663,9.890070,23.153327,9.890070,12.813312,12.813312,12.813312,15.039222,448.089987,0.011158,0.006260,0.052803,0.126114,calls/second,milliseconds
1780306040,5,448.089987,12.516663,9.890070,23.153327,9.890070,12.813312,12.813312,12.813312,15.039222,448.089987,0.011133,0.006260,0.052803,0.126114,calls/second,milliseconds
1780306041,5,448.089987,12.516663,9.890070,23.153327,9.890070,12.813312,12.813312,12.813312,15.039222,448.089987,0.011108,0.005759,0.051930,0.125415,calls/second,milliseconds
1780306042,5,448.089987,12.516663,9.890070,23.153327,9.890070,12.813312,12.813312,12.813312,15.039222,448.089987,0.011083,0.005759,0.051930,0.125415,calls/second,milliseconds
1780306043,5,448.089987,12.516663,9.890070,23.153327,9.890070,12.813312,12.813312,12.813312,15.039222,448.089987,0.011059,0.005759,0.051930,0.125415,calls/second,milliseconds
1780306044,5,448.089987,12.516663,9.890070,23.153327,9.890070,12.813312,12.813312,12.813312,15.039222,448.089987,0.011034,0.005759,0.051930,0.125415,calls/second,milliseconds
1780306045,5,448.089987,12.516663,9.890070,23.153327,9.890070,12.813312,12.813312,12.813312,15.039222,448.089987,0.011010,0.005759,0.051930,0.125415,calls/second,milliseconds
1780306046,5,448.089987,12.516663,9.890070,23.153327,9.890070,12.813312,12.813312,12.813312,15.039222,448.089987,0.010986,0.005299,0.051072,0.124720,calls/second,milliseconds
1780306047,5,448.089987,12.516663,9.890070,23.153327,9.890070,12.813312,12.813312,12.813312,15.039222,448.089987,0.010962,0.005299,0.051072,0.124720,calls/second,milliseconds
1780306048,5,448.089987,12.516663,9.890070,23.153327,9.890070,12.813312,12.813312,12.813312,15.039222,448.089987,0.010938,0.005299,0.051072,0.124720,calls/second,milliseconds
1780306049,5,448.089987,12.516663,9.890070,23.153327,9.890070,12.813312,12.813312,12.813312,15.039222,448.089987,0.010914,0.005299,0.051072,0.124720,calls/second,milliseconds
1780306050,5,448.089987,12.516663,9.890070,23.153327,9.890070,12.813312,12.813312,12.813312,15.039222,448.089987,0.010890,0.005299,0.051072,0.124720,calls/second,milliseconds
1780306051,5,448.089987,12.516663,9.890070,23.153327,9.890070,12.813312,12.813312,12.813312,15.039222,448.089987,0.010866,0.004875,0.050228,0.124029,calls/second,milliseconds
1780306052,5,448.089987,12.516663,9.890070,23.153327,9.890070,12.813312,12.813312,12.813312,15.039222,448.089987,0.010843,0.004875,0.050228,0.124029,calls/second,milliseconds
1780306053,5,448.089987,12.516663,9.890070,23.153327,9.890070,12.813312,12.813312,12.813312,15.039222,448.089987,0.010819,0.004875,0.050228,0.124029,calls/second,milliseconds
1780306054,5,448.089987,12.516663,9.890070,23.153327,9.890070,12.813312,12.813312,12.813312,15.039222,448.089987,0.010796,0.004875,0.050228,0.124029,calls/second,milliseconds
1780306055,5,448.089987,12.516663,9.890070,23.153327,9.890070,12.813312,12.813312,12.813312,15.039222,448.089987,0.010773,0.004875,0.050228,0.124029,calls/second,milliseconds
1780306056,5,448.089987,12.516663,9.890070,23.153327,9.890070,12.813312,12.813312,12.813312,15.039222,448.089987,0.010749,0.004485,0.049397,0.123342,calls/second,milliseconds
1780306057,5,448.089987,12.516663,9.890070,23.153327,9.890070,12.813312,12.813312,12.813312,15.039222,448.089987,0.010726,0.004485,0.049397,0.123342,calls/second,milliseconds
1780306058,5,448.089987,12.516663,9.890070,23.153327,9.890070,12.813312,12.813312,12.813312,15.039222,448.089987,0.010703,0.004485,0.049397,0.123342,calls/second,milliseconds
1780306059,5,448.089987,12.516663,9.890070,23.153327,9.890070,12.813312,12.813312,12.813312,15.039222,448.089987,0.010680,0.004485,0.049397,0.123342,calls/second,milliseconds
1780306060,5,448.089987,12.516663,9.890070,23.153327,9.890070,12.813312,12.813312,12.813312,15.039222,448.089987,0.010658,0.004485,0.049397,0.123342,calls/second,milliseconds
1780306061,5,448.089987,12.516663,9.890070,23.153327,9.890070,12.813312,12.813312,12.813312,15.039222,448.089987,0.010635,0.004127,0.048581,0.122659,calls/second,milliseconds
1780306062,5,448.089987,12.516663,9.890070,23.153327,9.890070,12.813312,12.813312,12.813312,15.039222,448.089987,0.010612,0.004127,0.048581,0.122659,calls/second,milliseconds
1780306063,5,448.089987,12.516663,9.890070,23.153327,9.890070,12.813312,12.813312,12.813312,15.039222,448.089987,0.010590,0.004127,0.048581,0.122659,calls/second,milliseconds
1780306064,5,448.089987,12.516663,9.890070,23.153327,9.890070,12.813312,12.813312,12.813312,15.039222,448.089987,0.010567,0.004127,0.048581,0.122659,calls/second,milliseconds
1780306065,5,448.089987,12.516663,9.890070,23.153327,9.890070,12.813312,12.813312,12.813312,15.039222,448.089987,0.010545,0.004127,0.048581,0.122659,calls/second,milliseconds
1780306066,5,448.089987,12.516663,9.890070,23.153327,9.890070,12.813312,12.813312,12.813312,15.039222,448.089987,0.010523,0.003797,0.047778,0.121979,calls/second,milliseconds
1780306067,5,448.089987,12.516663,9.890070,23.153327,9.890070,12.813312,12.813312,12.813312,15.039222,448.089987,0.010501,0.003797,0.047778,0.121979,calls/second,milliseconds
1780306068,5,448.089987,12.516663,9.890070,23.153327,9.890070,12.813312,12.813312,12.813312,15.039222,448.089987,0.010479,0.003797,0.047778,0.121979,calls/second,milliseconds
1780306069,5,448.089987,12.516663,9.890070,23.153327,9.890070,12.813312,12.813312,12.813312,15.039222,448.089987,0.010457,0.003797,0.047778,0.121979,calls/second,milliseconds
1780306070,5,448.089987,12.516663,9.890070,23.153327,9.890070,12.813312,12.813312,12.813312,15.039222,448.089987,0.010435,0.003797,0.047778,0.121979,calls/second,milliseconds
1780306071,5,448.089987,12.516663,9.890070,23.153327,9.890070,12.813312,12.813312,12.813312,15.039222,448.089987,0.010413,0.003493,0.046988,0.121303,calls/second,milliseconds
1780306072,5,448.089987,12.516663,9.890070,23.153327,9.890070,12.813312,12.813312,12.813312,15.039222,448.089987,0.010391,0.003493,0.046988,0.121303,calls/second,milliseconds
1780306073,5,448.089987,12.516663,9.890070,23.153327,9.890070,12.813312,12.813312,12.813312,15.039222,448.089987,0.010370,0.003493,0.046988,0.121303,calls/second,milliseconds
1780306074,5,448.089987,12.516663,9.890070,23.153327,9.890070,12.813312,12.813312,12.813312,15.039222,448.089987,0.010348,0.003493,0.046988,0.121303,calls/second,milliseconds
1780306075,5,448.089987,12.516663,9.890070,23.153327,9.890070,12.813312,12.813312,12.813312,15.039222,448.089987,0.010327,0.003493,0.046988,0.121303,calls/second,milliseconds
1780306076,5,448.089987,12.516663,9.890070,23.153327,9.890070,12.813312,12.813312,12.813312,15.039222,448.089987,0.010306,0.003214,0.046212,0.120631,calls/second,milliseconds
1780306077,5,448.089987,12.516663,9.890070,23.153327,9.890070,12.813312,12.813312,12.813312,15.039222,448.089987,0.010284,0.003214,0.046212,0.120631,calls/second,milliseconds
1780306078,5,448.089987,12.516663,9.890070,23.153327,9.890070,12.813312,12.813312,12.813312,15.039222,448.089987,0.010263,0.003214,0.046212,0.120631,calls/second,milliseconds
1780306079,5,448.089987,12.516663,9.890070,23.153327,9.890070,12.813312,12.813312,12.813312,15.039222,448.089987,0.010242,0.003214,0.046212,0.120631,calls/second,milliseconds
1780306080,5,448.089987,12.516663,9.890070,23.153327,9.890070,12.813312,12.813312,12.813312,15.039222,448.089987,0.010221,0.003214,0.046212,0.120631,calls/second,milliseconds
1780306081,5,448.089987,12.516663,9.890070,23.153327,9.890070,12.813312,12.813312,12.813312,15.039222,448.089987,0.010200,0.002957,0.045448,0.119963,calls/second,milliseconds
1780306082,5,448.089987,12.516663,9.890070,23.153327,9.890070,12.813312,12.813312,12.813312,15.039222,448.089987,0.010180,0.002957,0.045448,0.119963,calls/second,milliseconds
1780306083,5,448.089987,12.516663,9.890070,23.153327,9.890070,12.813312,12.813312,12.813312,15.039222,448.089987,0.010159,0.002957,0.045448,0.119963,calls/second,milliseconds
1780306084,5,448.089987,12.516663,9.890070,23.153327,9.890070,12.813312,12.813312,12.813312,15.039222,448.089987,0.010138,0.002957,0.045448,0.119963,calls/second,milliseconds
1780306085,5,448.089987,12.516663,9.890070,23.153327,9.890070,12.813312,12.813312,12.813312,15.039222,448.089987,0.010118,0.002957,0.045448,0.119963,calls/second,milliseconds
1780306086,5,448.089987,12.516663,9.890070,23.153327,9.890070,12.813312,12.813312,12.813312,15.039222,448.089987,0.010097,0.002720,0.044697,0.119298,calls/second,milliseconds
1780306087,5,448.089987,12.516663,9.890070,23.153327,9.890070,12.813312,12.813312,12.813312,15.039222,448.089987,0.010077,0.002720,0.044697,0.119298,calls/second,milliseconds
1780306088,5,448.089987,12.516663,9.890070,23.153327,9.890070,12.813312,12.813312,12.813312,15.039222,448.089987,0.010057,0.002720,0.044697,0.119298,calls/second,milliseconds
1780306089,5,448.089987,12.516663,9.890070,23.153327,9.890070,12.813312,12.813312,12.813312,15.039222,448.089987,0.010036,0.002720,0.044697,0.119298,calls/second,milliseconds
1780306090,5,448.089987,12.516663,9.890070,23.153327,9.890070,12.813312,12.813312,12.813312,15.039222,448.089987,0.010016,0.002720,0.044697,0.119298,calls/second,milliseconds
1780306091,5,448.089987,12.516663,9.890070,23.153327,9.890070,12.813312,12.813312,12.813312,15.039222,448.089987,0.009996,0.002503,0.043958,0.118637,calls/second,milliseconds
1780306092,5,448.089987,12.516663,9.890070,23.153327,9.890070,12.813312,12.813312,12.813312,15.039222,448.089987,0.009976,0.002503,0.043958,0.118637,calls/second,milliseconds
1780306093,5,448.089987,12.516663,9.890070,23.153327,9.890070,12.813312,12.813312,12.813312,15.039222,448.089987,0.009956,0.002503,0.043958,0.118637,calls/second,milliseconds
1780306094,5,448.089987,12.516663,9.890070,23.153327,9.890070,12.813312,12.813312,12.813312,15.039222,448.089987,0.009936,0.002503,0.043958,0.118637,calls/second,milliseconds
1780306095,5,448.089987,12.516663,9.890070,23.153327,9.890070,12.813312,12.813312,12.813312,15.039222,448.089987,0.009917,0.002503,0.043958,0.118637,calls/second,milliseconds
1780306096,5,448.089987,12.516663,9.890070,23.153327,9.890070,12.813312,12.813312,12.813312,15.039222,448.089987,0.009897,0.002303,0.043231,0.117980,calls/second,milliseconds
1780306097,5,448.089987,12.516663,9.890070,23.153327,9.890070,12.813312,12.813312,12.813312,15.039222,448.089987,0.009877,0.002303,0.043231,0.117980,calls/second,milliseconds
1780306098,5,448.089987,12.516663,9.890070,23.153327,9.890070,12.813312,12.813312,12.813312,15.039222,448.089987,0.009858,0.002303,0.043231,0.117980,calls/second,milliseconds
1780306099,5,448.089987,12.516663,9.890070,23.153327,9.890070,12.813312,12.813312,12.813312,15.039222,448.089987,0.009839,0.002303,0.043231,0.117980,calls/second,milliseconds
1780306100,5,448.089987,12.516663,9.890070,23.153327,9.890070,12.813312,12.813312,12.813312,15.039222,448.089987,0.009819,0.002303,0.043231,0.117980,calls/second,milliseconds
1780306101,5,448.089987,12.516663,9.890070,23.153327,9.890070,12.813312,12.813312,12.813312,15.039222,448.089987,0.009800,0.002119,0.042517,0.117327,calls/second,milliseconds
1780306102,5,448.089987,12.516663,9.890070,23.153327,9.890070,12.813312,12.813312,12.813312,15.039222,448.089987,0.009781,0.002119,0.042517,0.117327,calls/second,milliseconds
1780306103,5,448.089987,12.516663,9.890070,23.153327,9.890070,12.813312,12.813312,12.813312,15.039222,448.089987,0.009762,0.002119,0.042517,0.117327,calls/second,milliseconds
1780306104,5,448.089987,12.516663,9.890070,23.153327,9.890070,12.813312,12.813312,12.813312,15.039222,448.089987,0.009743,0.002119,0.042517,0.117327,calls/second,milliseconds
1780306105,5,448.089987,12.516663,9.890070,23.153327,9.890070,12.813312,12.813312,12.813312,15.039222,448.089987,0.009724,0.002119,0.042517,0.117327,calls/second,milliseconds
1780306106,5,448.089987,12.516663,9.890070,23.153327,9.890070,12.813312,12.813312,12.813312,15.039222,448.089987,0.009705,0.001949,0.041814,0.116677,calls/second,milliseconds
1780306107,5,448.089987,12.516663,9.890070,23.153327,9.890070,12.813312,12.813312,12.813312,15.039222,448.089987,0.009686,0.001949,0.041814,0.116677,calls/second,milliseconds
1780306108,5,448.089987,12.516663,9.890070,23.153327,9.890070,12.813312,12.813312,12.813312,15.039222,448.089987,0.009667,0.001949,0.041814,0.116677,calls/second,milliseconds
1780306109,5,448.089987,12.516663,9.890070,23.153327,9.890070,12.813312,12.813312,12.813312,15.039222,448.089987,0.009648,0.001949,0.041814,0.116677,calls/second,milliseconds
1780306110,5,448.089987,12.516663,9.890070,23.153327,9.890070,12.813312,12.813312,12.813312,15.039222,448.089987,0.009630,0.001949,0.041814,0.116677,calls/second,milliseconds
1780306111,5,448.089987,12.516663,9.890070,23.153327,9.890070,12.813312,12.813312,12.813312,15.039222,448.089987,0.009611,0.001793,0.041123,0.116030,calls/second,milliseconds
1780306112,5,448.089987,12.516663,9.890070,23.153327,9.890070,12.813312,12.813312,12.813312,15.039222,448.089987,0.009593,0.001793,0.041123,0.116030,calls/second,milliseconds
1780306113,5,448.089987,12.516663,9.890070,23.153327,9.890070,12.813312,12.813312,12.813312,15.039222,448.089987,0.009574,0.001793,0.041123,0.116030,calls/second,milliseconds
1780306114,5,448.089987,12.516663,9.890070,23.153327,9.890070,12.813312,12.813312,12.813312,15.039222,448.089987,0.009556,0.001793,0.041123,0.116030,calls/second,milliseconds
1780306115,5,448.089987,12.516663,9.890070,23.153327,9.890070,12.813312,12.813312,12.813312,15.039222,448.089987,0.009538,0.001793,0.041123,0.116030,calls/second,milliseconds
1780306116,5,448.089987,12.516663,9.890070,23.153327,9.890070,12.813312,12.813312,12.813312,15.039222,448.089987,0.009520,0.001650,0.040443,0.115387,calls/second,milliseconds
1780306117,5,448.089987,12.516663,9.890070,23.153327,9.890070,12.813312,12.813312,12.813312,15.039222,448.089987,0.009502,0.001650,0.040443,0.115387,calls/second,milliseconds
1780306118,5,448.089987,12.516663,9.890070,23.153327,9.890070,12.813312,12.813312,12.813312,15.039222,448.089987,0.009484,0.001650,0.040443,0.115387,calls/second,milliseconds
1780306119,5,448.089987,12.516663,9.890070,23.153327,9.890070,12.813312,12.813312,12.813312,15.039222,448.089987,0.009466,0.001650,0.040443,0.115387,calls/second,milliseconds
1780306120,5,448.089987,12.516663,9.890070,23.153327,9.890070,12.813312,12.813312,12.813312,15.039222,448.089987,0.009448,0.001650,0.040443,0.115387,calls/second,milliseconds
1780306121,5,448.089987,12.516663,9.890070,23.153327,9.890070,12.813312,12.813312,12.813312,15.039222,448.089987,0.009430,0.001518,0.039775,0.114748,calls/second,milliseconds
1780306122,5,448.089987,12.516663,9.890070,23.153327,9.890070,12.813312,12.813312,12.813312,15.039222,448.089987,0.009412,0.001518,0.039775,0.114748,calls/second,milliseconds
1780306123,5,448.089987,12.516663,9.890070,23.153327,9.890070,12.813312,12.813312,12.813312,15.039222,448.089987,0.009394,0.001518,0.039775,0.114748,calls/second,milliseconds
1780306124,5,448.089987,12.516663,9.890070,23.153327,9.890070,12.813312,12.813312,12.813312,15.039222,448.089987,0.009377,0.001518,0.039775,0.114748,calls/second,milliseconds
1780306125,5,448.089987,12.516663,9.890070,23.153327,9.890070,12.813312,12.813312,12.813312,15.039222,448.089987,0.009359,0.001518,0.039775,0.114748,calls/second,milliseconds
1780306126,5,448.089987,12.516663,9.890070,23.153327,9.890070,12.813312,12.813312,12.813312,15.039222,448.089987,0.009342,0.001397,0.039117,0.114112,calls/second,milliseconds
1780306127,5,448.089987,12.516663,9.890070,23.153327,9.890070,12.813312,12.813312,12.813312,15.039222,448.089987,0.009324,0.001397,0.039117,0.114112,calls/second,milliseconds
1780306128,5,448.089987,12.516663,9.890070,23.153327,9.890070,12.813312,12.813312,12.813312,15.039222,448.089987,0.009307,0.001397,0.039117,0.114112,calls/second,milliseconds
1780306129,5,448.089987,12.516663,9.890070,23.153327,9.890070,12.813312,12.813312,12.813312,15.039222,448.089987,0.009289,0.001397,0.039117,0.114112,calls/second,milliseconds
1780306130,5,448.089987,12.516663,9.890070,23.153327,9.890070,12.813312,12.813312,12.813312,15.039222,448.089987,0.009272,0.001397,0.039117,0.114112,calls/second,milliseconds
1780306131,5,448.089987,12.516663,9.890070,23.153327,9.890070,12.813312,12.813312,12.813312,15.039222,448.089987,0.009255,0.001285,0.038471,0.113480,calls/second,milliseconds
1780306132,5,448.089987,12.516663,9.890070,23.153327,9.890070,12.813312,12.813312,12.813312,15.039222,448.089987,0.009238,0.001285,0.038471,0.113480,calls/second,milliseconds
1780306133,5,448.089987,12.516663,9.890070,23.153327,9.890070,12.813312,12.813312,12.813312,15.039222,448.089987,0.009221,0.001285,0.038471,0.113480,calls/second,milliseconds
1780306134,5,448.089987,12.516663,9.890070,23.153327,9.890070,12.813312,12.813312,12.813312,15.039222,448.089987,0.009204,0.001285,0.038471,0.113480,calls/second,milliseconds
1780306135,5,448.089987,12.516663,9.890070,23.153327,9.890070,12.813312,12.813312,12.813312,15.039222,448.089987,0.009187,0.001285,0.038471,0.113480,calls/second,milliseconds
1780306136,5,448.089987,12.516663,9.890070,23.153327,9.890070,12.813312,12.813312,12.813312,15.039222,448.089987,0.009170,0.001182,0.037835,0.112851,calls/second,milliseconds
1780306137,5,448.089987,12.516663,9.890070,23.153327,9.890070,12.813312,12.813312,12.813312,15.039222,448.089987,0.009153,0.001182,0.037835,0.112851,calls/second,milliseconds
1780306138,5,448.089987,12.516663,9.890070,23.153327,9.890070,12.813312,12.813312,12.813312,15.039222,448.089987,0.009136,0.001182,0.037835,0.112851,calls/second,milliseconds
1780306139,5,448.089987,12.516663,9.890070,23.153327,9.890070,12.813312,12.813312,12.813312,15.039222,448.089987,0.009120,0.001182,0.037835,0.112851,calls/second,milliseconds
1780306140,5,448.089987,12.516663,9.890070,23.153327,9.890070,12.813312,12.813312,12.813312,15.039222,448.089987,0.009103,0.001182,0.037835,0.112851,calls/second,milliseconds
1780306141,5,448.089987,12.516663,9.890070,23.153327,9.890070,12.813312,12.813312,12.813312,15.039222,448.089987,0.009087,0.001088,0.037210,0.112226,calls/second,milliseconds
1780306142,5,448.089987,12.516663,9.890070,23.153327,9.890070,12.813312,12.813312,12.813312,15.039222,448.089987,0.009070,0.001088,0.037210,0.112226,calls/second,milliseconds
1780306143,5,448.089987,12.516663,9.890070,23.153327,9.890070,12.813312,12.813312,12.813312,15.039222,448.089987,0.009054,0.001088,0.037210,0.112226,calls/second,milliseconds
1780306144,5,448.089987,12.516663,9.890070,23.153327,9.890070,12.813312,12.813312,12.813312,15.039222,448.089987,0.009037,0.001088,0.037210,0.112226,calls/second,milliseconds
1780306145,5,448.089987,12.516663,9.890070,23.153327,9.890070,12.813312,12.813312,12.813312,15.039222,448.089987,0.009021,0.001088,0.037210,0.112226,calls/second,milliseconds
1780306146,5,448.089987,12.516663,9.890070,23.153327,9.890070,12.813312,12.813312,12.813312,15.039222,448.089987,0.009005,0.001001,0.036595,0.111604,calls/second,milliseconds
1780306147,5,448.089987,12.516663,9.890070,23.153327,9.890070,12.813312,12.813312,12.813312,15.039222,448.089987,0.008988,0.001001,0.036595,0.111604,calls/second,milliseconds
1780306148,5,448.089987,12.516663,9.890070,23.153327,9.890070,12.813312,12.813312,12.813312,15.039222,448.089987,0.008972,0.001001,0.036595,0.111604,calls/second,milliseconds
1780306149,5,448.089987,12.516663,9.890070,23.153327,9.890070,12.813312,12.813312,12.813312,15.039222,448.089987,0.008956,0.001001,0.036595,0.111604,calls/second,milliseconds
1780306150,5,448.089987,12.516663,9.890070,23.153327,9.890070,12.813312,12.813312,12.813312,15.039222,448.089987,0.008940,0.001001,0.036595,0.111604,calls/second,milliseconds
1780306151,5,448.089987,12.516663,9.890070,23.153327,9.890070,12.813312,12.813312,12.813312,15.039222,448.089987,0.008924,0.000921,0.035990,0.110986,calls/second,milliseconds
1780306152,5,448.089987,12.516663,9.890070,23.153327,9.890070,12.813312,12.813312,12.813312,15.039222,448.089987,0.008908,0.000921,0.035990,0.110986,calls/second,milliseconds
1780306153,5,448.089987,12.516663,9.890070,23.153327,9.890070,12.813312,12.813312,12.813312,15.039222,448.089987,0.008892,0.000921,0.035990,0.110986,calls/second,milliseconds
1780306154,5,448.089987,12.516663,9.890070,23.153327,9.890070,12.813312,12.813312,12.813312,15.039222,448.089987,0.008877,0.000921,0.035990,0.110986,calls/second,milliseconds
1780306155,5,448.089987,12.516663,9.890070,23.153327,9.890070,12.813312,12.813312,12.813312,15.039222,448.089987,0.008861,0.000921,0.035990,0.110986,calls/second,milliseconds
1780306156,5,448.089987,12.516663,9.890070,23.153327,9.890070,12.813312,12.813312,12.813312,15.039222,448.089987,0.008845,0.000847,0.035395,0.110371,calls/second,milliseconds
1780306157,5,448.089987,12.516663,9.890070,23.153327,9.890070,12.813312,12.813312,12.813312,15.039222,448.089987,0.008829,0.000847,0.035395,0.110371,calls/second,milliseconds
1780306158,5,448.089987,12.516663,9.890070,23.153327,9.890070,12.813312,12.813312,12.813312,15.039222,448.089987,0.008814,0.000847,0.035395,0.110371,calls/second,milliseconds
1780306159,5,448.089987,12.516663,9.890070,23.153327,9.890070,12.813312,12.813312,12.813312,15.039222,448.089987,0.008798,0.000847,0.035395,0.110371,calls/second,milliseconds
1780306160,5,448.089987,12.516663,9.890070,23.153327,9.890070,12.813312,12.813312,12.813312,15.039222,448.089987,0.008783,0.000847,0.035395,0.110371,calls/second,milliseconds
1780306161,5,448.089987,12.516663,9.890070,23.153327,9.890070,12.813312,12.813312,12.813312,15.039222,448.089987,0.008767,0.000779,0.034810,0.109760,calls/second,milliseconds
1780306162,5,448.089987,12.516663,9.890070,23.153327,9.890070,12.813312,12.813312,12.813312,15.039222,448.089987,0.008752,0.000779,0.034810,0.109760,calls/second,milliseconds
1780306163,5,448.089987,12.516663,9.890070,23.153327,9.890070,12.813312,12.813312,12.813312,15.039222,448.089987,0.008737,0.000779,0.034810,0.109760,calls/second,milliseconds
1780306164,5,448.089987,12.516663,9.890070,23.153327,9.890070,12.813312,12.813312,12.813312,15.039222,448.089987,0.008721,0.000779,0.034810,0.109760,calls/second,milliseconds
1780306165,5,448.089987,12.516663,9.890070,23.153327,9.890070,12.813312,12.813312,12.813312,15.039222,448.089987,0.008706,0.000779,0.034810,0.109760,calls/second,milliseconds
1780306166,5,448.089987,12.516663,9.890070,23.153327,9.890070,12.813312,12.813312,12.813312,15.039222,448.089987,0.008691,0.000717,0.034234,0.109152,calls/second,milliseconds
1780306167,5,448.089987,12.516663,9.890070,23.153327,9.890070,12.813312,12.813312,12.813312,15.039222,448.089987,0.008676,0.000717,0.034234,0.109152,calls/second,milliseconds
1780306168,5,448.089987,12.516663,9.890070,23.153327,9.890070,12.813312,12.813312,12.813312,15.039222,448.089987,0.008661,0.000717,0.034234,0.109152,calls/second,milliseconds
1780306169,5,448.089987,12.516663,9.890070,23.153327,9.890070,12.813312,12.813312,12.813312,15.039222,448.089987,0.008646,0.000717,0.034234,0.109152,calls/second,milliseconds
1780306170,5,448.089987,12.516663,9.890070,23.153327,9.890070,12.813312,12.813312,12.813312,15.039222,448.089987,0.008631,0.000717,0.034234,0.109152,calls/second,milliseconds
1780306171,5,448.089987,12.516663,9.890070,23.153327,9.890070,12.813312,12.813312,12.813312,15.039222,448.089987,0.008616,0.000660,0.033669,0.108547,calls/second,milliseconds
1780306172,5,448.089987,12.516663,9.890070,23.153327,9.890070,12.813312,12.813312,12.813312,15.039222,448.089987,0.008601,0.000660,0.033669,0.108547,calls/second,milliseconds
1780306173,5,448.089987,12.516663,9.890070,23.153327,9.890070,12.813312,12.813312,12.813312,15.039222,448.089987,0.008586,0.000660,0.033669,0.108547,calls/second,milliseconds
1780306174,5,448.089987,12.516663,9.890070,23.153327,9.890070,12.813312,12.813312,12.813312,15.039222,448.089987,0.008572,0.000660,0.033669,0.108547,calls/second,milliseconds
1780306175,5,448.089987,12.516663,9.890070,23.153327,9.890070,12.813312,12.813312,12.813312,15.039222,448.089987,0.008557,0.000660,0.033669,0.108547,calls/second,milliseconds
1780306176,5,448.089987,12.516663,9.890070,23.153327,9.890070,12.813312,12.813312,12.813312,15.039222,448.089987,0.008542,0.000607,0.033112,0.107946,calls/second,milliseconds
1780306177,5,448.089987,12.516663,9.890070,23.153327,9.890070,12.813312,12.813312,12.813312,15.039222,448.089987,0.008528,0.000607,0.033112,0.107946,calls/second,milliseconds
1780306178,5,448.089987,12.516663,9.890070,23.153327,9.890070,12.813312,12.813312,12.813312,15.039222,448.089987,0.008513,0.000607,0.033112,0.107946,calls/second,milliseconds
1780306179,5,448.089987,12.516663,9.890070,23.153327,9.890070,12.813312,12.813312,12.813312,15.039222,448.089987,0.008499,0.000607,0.033112,0.107946,calls/second,milliseconds
1780306180,5,448.089987,12.516663,9.890070,23.153327,9.890070,12.813312,12.813312,12.813312,15.039222,448.089987,0.008484,0.000607,0.033112,0.107946,calls/second,milliseconds
1780306181,5,448.089987,12.516663,9.890070,23.153327,9.890070,12.813312,12.813312,12.813312,15.039222,448.089987,0.008470,0.000558,0.032565,0.107348,calls/second,milliseconds
1780306182,5,448.089987,12.516663,9.890070,23.153327,9.890070,12.813312,12.813312,12.813312,15.039222,448.089987,0.008456,0.000558,0.032565,0.107348,calls/second,milliseconds
1780306183,5,448.089987,12.516663,9.890070,23.153327,9.890070,12.813312,12.813312,12.813312,15.039222,448.089987,0.008441,0.000558,0.032565,0.107348,calls/second,milliseconds
1780306184,5,448.089987,12.516663,9.890070,23.153327,9.890070,12.813312,12.813312,12.813312,15.039222,448.089987,0.008427,0.000558,0.032565,0.107348,calls/second,milliseconds
1780306185,5,448.089987,12.516663,9.890070,23.153327,9.890070,12.813312,12.813312,12.813312,15.039222,448.089987,0.008413,0.000558,0.032565,0.107348,calls/second,milliseconds
1780306186,5,448.089987,12.516663,9.890070,23.153327,9.890070,12.813312,12.813312,12.813312,15.039222,448.089987,0.008399,0.000514,0.032027,0.106753,calls/second,milliseconds
1780306187,5,448.089987,12.516663,9.890070,23.153327,9.890070,12.813312,12.813312,12.813312,15.039222,448.089987,0.008385,0.000514,0.032027,0.106753,calls/second,milliseconds
1780306188,5,448.089987,12.516663,9.890070,23.153327,9.890070,12.813312,12.813312,12.813312,15.039222,448.089987,0.008371,0.000514,0.032027,0.106753,calls/second,milliseconds
1780306189,5,448.089987,12.516663,9.890070,23.153327,9.890070,12.813312,12.813312,12.813312,15.039222,448.089987,0.008357,0.000514,0.032027,0.106753,calls/second,milliseconds
1780306190,5,448.089987,12.516663,9.890070,23.153327,9.890070,12.813312,12.813312,12.813312,15.039222,448.089987,0.008343,0.000514,0.032027,0.106753,calls/second,milliseconds
1780306191,5,448.089987,12.516663,9.890070,23.153327,9.890070,12.813312,12.813312,12.813312,15.039222,448.089987,0.008329,0.000473,0.031497,0.106161,calls/second,milliseconds
1780306192,5,448.089987,12.516663,9.890070,23.153327,9.890070,12.813312,12.813312,12.813312,15.039222,448.089987,0.008315,0.000473,0.031497,0.106161,calls/second,milliseconds
1780306193,5,448.089987,12.516663,9.890070,23.153327,9.890070,12.813312,12.813312,12.813312,15.039222,448.089987,0.008301,0.000473,0.031497,0.106161,calls/second,milliseconds
1780306194,5,448.089987,12.516663,9.890070,23.153327,9.890070,12.813312,12.813312,12.813312,15.039222,448.089987,0.008287,0.000473,0.031497,0.106161,calls/second,milliseconds
1780306195,5,448.089987,12.516663,9.890070,23.153327,9.890070,12.813312,12.813312,12.813312,15.039222,448.089987,0.008274,0.000473,0.031497,0.106161,calls/second,milliseconds
1780306196,5,448.089987,12.516663,9.890070,23.153327,9.890070,12.813312,12.813312,12.813312,15.039222,448.089987,0.008260,0.000435,0.030977,0.105573,calls/second,milliseconds
1780306197,5,448.089987,12.516663,9.890070,23.153327,9.890070,12.813312,12.813312,12.813312,15.039222,448.089987,0.008246,0.000435,0.030977,0.105573,calls/second,milliseconds
1780306198,5,448.089987,12.516663,9.890070,23.153327,9.890070,12.813312,12.813312,12.813312,15.039222,448.089987,0.008233,0.000435,0.030977,0.105573,calls/second,milliseconds
1780306199,5,448.089987,12.516663,9.890070,23.153327,9.890070,12.813312,12.813312,12.813312,15.039222,448.089987,0.008219,0.000435,0.030977,0.105573,calls/second,milliseconds
1780306200,5,448.089987,12.516663,9.890070,23.153327,9.890070,12.813312,12.813312,12.813312,15.039222,448.089987,0.008206,0.000435,0.030977,0.105573,calls/second,milliseconds
1780306201,5,448.089987,12.516663,9.890070,23.153327,9.890070,12.813312,12.813312,12.813312,15.039222,448.089987,0.008192,0.000400,0.030465,0.104988,calls/second,milliseconds
1780306202,5,448.089987,12.516663,9.890070,23.153327,9.890070,12.813312,12.813312,12.813312,15.039222,448.089987,0.008179,0.000400,0.030465,0.104988,calls/second,milliseconds
1780306203,5,448.089987,12.516663,9.890070,23.153327,9.890070,12.813312,12.813312,12.813312,15.039222,448.089987,0.008165,0.000400,0.030465,0.104988,calls/second,milliseconds
1780306204,5,448.089987,12.516663,9.890070,23.153327,9.890070,12.813312,12.813312,12.813312,15.039222,448.089987,0.008152,0.000400,0.030465,0.104988,calls/second,milliseconds
1780306205,5,448.089987,12.516663,9.890070,23.153327,9.890070,12.813312,12.813312,12.813312,15.039222,448.089987,0.008139,0.000400,0.030465,0.104988,calls/second,milliseconds
1780306206,5,448.089987,12.516663,9.890070,23.153327,9.890070,12.813312,12.813312,12.813312,15.039222,448.089987,0.008125,0.000368,0.029961,0.104407,calls/second,milliseconds
1780306207,5,448.089987,12.516663,9.890070,23.153327,9.890070,12.813312,12.813312,12.813312,15.039222,448.089987,0.008112,0.000368,0.029961,0.104407,calls/second,milliseconds
1780306208,5,448.089987,12.516663,9.890070,23.153327,9.890070,12.813312,12.813312,12.813312,15.039222,448.089987,0.008099,0.000368,0.029961,0.104407,calls/second,milliseconds
1780306209,5,448.089987,12.516663,9.890070,23.153327,9.890070,12.813312,12.813312,12.813312,15.039222,448.089987,0.008086,0.000368,0.029961,0.104407,calls/second,milliseconds
1780306210,5,448.089987,12.516663,9.890070,23.153327,9.890070,12.813312,12.813312,12.813312,15.039222,448.089987,0.008073,0.000368,0.029961,0.104407,calls/second,milliseconds
1780306211,5,448.089987,12.516663,9.890070,23.153327,9.890070,12.813312,12.813312,12.813312,15.039222,448.089987,0.008060,0.000339,0.029466,0.103828,calls/second,milliseconds
1780306212,5,448.089987,12.516663,9.890070,23.153327,9.890070,12.813312,12.813312,12.813312,15.039222,448.089987,0.008047,0.000339,0.029466,0.103828,calls/second,milliseconds
1780306213,5,448.089987,12.516663,9.890070,23.153327,9.890070,12.813312,12.813312,12.813312,15.039222,448.089987,0.008034,0.000339,0.029466,0.103828,calls/second,milliseconds
1780306214,5,448.089987,12.516663,9.890070,23.153327,9.890070,12.813312,12.813312,12.813312,15.039222,448.089987,0.008021,0.000339,0.029466,0.103828,calls/second,milliseconds
1780306215,5,448.089987,12.516663,9.890070,23.153327,9.890070,12.813312,12.813312,12.813312,15.039222,448.089987,0.008008,0.000339,0.029466,0.103828,calls/second,milliseconds
1780306216,5,448.089987,12.516663,9.890070,23.153327,9.890070,12.813312,12.813312,12.813312,15.039222,448.089987,0.007995,0.000312,0.028979,0.103253,calls/second,milliseconds
1780306217,5,448.089987,12.516663,9.890070,23.153327,9.890070,12.813312,12.813312,12.813312,15.039222,448.089987,0.007983,0.000312,0.028979,0.103253,calls/second,milliseconds
1780306218,5,448.089987,12.516663,9.890070,23.153327,9.890070,12.813312,12.813312,12.813312,15.039222,448.089987,0.007970,0.000312,0.028979,0.103253,calls/second,milliseconds
1780306219,5,448.089987,12.516663,9.890070,23.153327,9.890070,12.813312,12.813312,12.813312,15.039222,448.089987,0.007957,0.000312,0.028979,0.103253,calls/second,milliseconds
1780306220,5,448.089987,12.516663,9.890070,23.153327,9.890070,12.813312,12.813312,12.813312,15.039222,448.089987,0.007944,0.000312,0.028979,0.103253,calls/second,milliseconds
1780306221,5,448.089987,12.516663,9.890070,23.153327,9.890070,12.813312,12.813312,12.813312,15.039222,448.089987,0.007932,0.000287,0.028500,0.102681,calls/second,milliseconds
1780306222,5,448.089987,12.516663,9.890070,23.153327,9.890070,12.813312,12.813312,12.813312,15.039222,448.089987,0.007919,0.000287,0.028500,0.102681,calls/second,milliseconds
1780306223,5,448.089987,12.516663,9.890070,23.153327,9.890070,12.813312,12.813312,12.813312,15.039222,448.089987,0.007907,0.000287,0.028500,0.102681,calls/second,milliseconds
1780306224,5,448.089987,12.516663,9.890070,23.153327,9.890070,12.813312,12.813312,12.813312,15.039222,448.089987,0.007894,0.000287,0.028500,0.102681,calls/second,milliseconds
1780306225,5,448.089987,12.516663,9.890070,23.153327,9.890070,12.813312,12.813312,12.813312,15.039222,448.089987,0.007882,0.000287,0.028500,0.102681,calls/second,milliseconds
1780306226,5,448.089987,12.516663,9.890070,23.153327,9.890070,12.813312,12.813312,12.813312,15.039222,448.089987,0.007869,0.000264,0.028029,0.102112,calls/second,milliseconds
1780306227,5,448.089987,12.516663,9.890070,23.153327,9.890070,12.813312,12.813312,12.813312,15.039222,448.089987,0.007857,0.000264,0.028029,0.102112,calls/second,milliseconds
1780306228,5,448.089987,12.516663,9.890070,23.153327,9.890070,12.813312,12.813312,12.813312,15.039222,448.089987,0.007845,0.000264,0.028029,0.102112,calls/second,milliseconds
1780306229,5,448.089987,12.516663,9.890070,23.153327,9.890070,12.813312,12.813312,12.813312,15.039222,448.089987,0.007832,0.000264,0.028029,0.102112,calls/second,milliseconds
1780306230,5,448.089987,12.516663,9.890070,23.153327,9.890070,12.813312,12.813312,12.813312,15.039222,448.089987,0.007820,0.000264,0.028029,0.102112,calls/second,milliseconds
1780306231,5,448.089987,12.516663,9.890070,23.153327,9.890070,12.813312,12.813312,12.813312,15.039222,448.089987,0.007808,0.000243,0.027566,0.101546,calls/second,milliseconds
1780306232,5,448.089987,12.516663,9.890070,23.153327,9.890070,12.813312,12.813312,12.813312,15.039222,448.089987,0.007796,0.000243,0.027566,0.101546,calls/second,milliseconds
1780306233,5,448.089987,12.516663,9.890070,23.153327,9.890070,12.813312,12.813312,12.813312,15.039222,448.089987,0.007783,0.000243,0.027566,0.101546,calls/second,milliseconds
1780306234,5,448.089987,12.516663,9.890070,23.153327,9.890070,12.813312,12.813312,12.813312,15.039222,448.089987,0.007771,0.000243,0.027566,0.101546,calls/second,milliseconds
1780306235,5,448.089987,12.516663,9.890070,23.153327,9.890070,12.813312,12.813312,12.813312,15.039222,448.089987,0.007759,0.000243,0.027566,0.101546,calls/second,milliseconds
1780306236,5,448.089987,12.516663,9.890070,23.153327,9.890070,12.813312,12.813312,12.813312,15.039222,448.089987,0.007747,0.000223,0.027110,0.100984,calls/second,milliseconds
1780306237,5,448.089987,12.516663,9.890070,23.153327,9.890070,12.813312,12.813312,12.813312,15.039222,448.089987,0.007735,0.000223,0.027110,0.100984,calls/second,milliseconds
1780306238,5,448.089987,12.516663,9.890070,23.153327,9.890070,12.813312,12.813312,12.813312,15.039222,448.089987,0.007723,0.000223,0.027110,0.100984,calls/second,milliseconds
1780306239,5,448.089987,12.516663,9.890070,23.153327,9.890070,12.813312,12.813312,12.813312,15.039222,448.089987,0.007711,0.000223,0.027110,0.100984,calls/second,milliseconds
1780306240,5,448.089987,12.516663,9.890070,23.153327,9.890070,12.813312,12.813312,12.813312,15.039222,448.089987,0.007699,0.000223,0.027110,0.100984,calls/second,milliseconds
1780306241,5,448.089987,12.516663,9.890070,23.153327,9.890070,12.813312,12.813312,12.813312,15.039222,448.089987,0.007688,0.000205,0.026662,0.100424,calls/second,milliseconds
1780306242,5,448.089987,12.516663,9.890070,23.153327,9.890070,12.813312,12.813312,12.813312,15.039222,448.089987,0.007676,0.000205,0.026662,0.100424,calls/second,milliseconds
1780306243,5,448.089987,12.516663,9.890070,23.153327,9.890070,12.813312,12.813312,12.813312,15.039222,448.089987,0.007664,0.000205,0.026662,0.100424,calls/second,milliseconds
1780306244,5,448.089987,12.516663,9.890070,23.153327,9.890070,12.813312,12.813312,12.813312,15.039222,448.089987,0.007652,0.000205,0.026662,0.100424,calls/second,milliseconds
1780306245,5,448.089987,12.516663,9.890070,23.153327,9.890070,12.813312,12.813312,12.813312,15.039222,448.089987,0.007640,0.000205,0.026662,0.100424,calls/second,milliseconds
1780306246,5,448.089987,12.516663,9.890070,23.153327,9.890070,12.813312,12.813312,12.813312,15.039222,448.089987,0.007629,0.000189,0.026221,0.099868,calls/second,milliseconds
1780306247,5,448.089987,12.516663,9.890070,23.153327,9.890070,12.813312,12.813312,12.813312,15.039222,448.089987,0.007617,0.000189,0.026221,0.099868,calls/second,milliseconds
1780306248,5,448.089987,12.516663,9.890070,23.153327,9.890070,12.813312,12.813312,12.813312,15.039222,448.089987,0.007606,0.000189,0.026221,0.099868,calls/second,milliseconds
1780306249,5,448.089987,12.516663,9.890070,23.153327,9.890070,12.813312,12.813312,12.813312,15.039222,448.089987,0.007594,0.000189,0.026221,0.099868,calls/second,milliseconds
1780306250,5,448.089987,12.516663,9.890070,23.153327,9.890070,12.813312,12.813312,12.813312,15.039222,448.089987,0.007582,0.000189,0.026221,0.099868,calls/second,milliseconds
1780306251,5,448.089987,12.516663,9.890070,23.153327,9.890070,12.813312,12.813312,12.813312,15.039222,448.089987,0.007571,0.000174,0.025788,0.099315,calls/second,milliseconds
1780306252,5,448.089987,12.516663,9.890070,23.153327,9.890070,12.813312,12.813312,12.813312,15.039222,448.089987,0.007560,0.000174,0.025788,0.099315,calls/second,milliseconds
1780306253,5,448.089987,12.516663,9.890070,23.153327,9.890070,12.813312,12.813312,12.813312,15.039222,448.089987,0.007548,0.000174,0.025788,0.099315,calls/second,milliseconds
1780306254,5,448.089987,12.516663,9.890070,23.153327,9.890070,12.813312,12.813312,12.813312,15.039222,448.089987,0.007537,0.000174,0.025788,0.099315,calls/second,milliseconds
1780306255,5,448.089987,12.516663,9.890070,23.153327,9.890070,12.813312,12.813312,12.813312,15.039222,448.089987,0.007525,0.000174,0.025788,0.099315,calls/second,milliseconds
1780306256,5,448.089987,12.516663,9.890070,23.153327,9.890070,12.813312,12.813312,12.813312,15.039222,448.089987,0.007514,0.000160,0.025362,0.098765,calls/second,milliseconds
1780306257,5,448.089987,12.516663,9.890070,23.153327,9.890070,12.813312,12.813312,12.813312,15.039222,448.089987,0.007503,0.000160,0.025362,0.098765,calls/second,milliseconds
1780306258,5,448.089987,12.516663,9.890070,23.153327,9.890070,12.813312,12.813312,12.813312,15.039222,448.089987,0.007491,0.000160,0.025362,0.098765,calls/second,milliseconds
1780306259,5,448.089987,12.516663,9.890070,23.153327,9.890070,12.813312,12.813312,12.813312,15.039222,448.089987,0.007480,0.000160,0.025362,0.098765,calls/second,milliseconds
1780306260,5,448.089987,12.516663,9.890070,23.153327,9.890070,12.813312,12.813312,12.813312,15.039222,448.089987,0.007469,0.000160,0.025362,0.098765,calls/second,milliseconds
1780306261,5,448.089987,12.516663,9.890070,23.153327,9.890070,12.813312,12.813312,12.813312,15.039222,448.089987,0.007458,0.000147,0.024942,0.098217,calls/second,milliseconds
1780306262,5,448.089987,12.516663,9.890070,23.153327,9.890070,12.813312,12.813312,12.813312,15.039222,448.089987,0.007447,0.000147,0.024942,0.098217,calls/second,milliseconds
1780306263,5,448.089987,12.516663,9.890070,23.153327,9.890070,12.813312,12.813312,12.813312,15.039222,448.089987,0.007436,0.000147,0.024942,0.098217,calls/second,milliseconds
1780306264,5,448.089987,12.516663,9.890070,23.153327,9.890070,12.813312,12.813312,12.813312,15.039222,448.089987,0.007425,0.000147,0.024942,0.098217,calls/second,milliseconds
1780306265,5,448.089987,12.516663,9.890070,23.153327,9.890070,12.813312,12.813312,12.813312,15.039222,448.089987,0.007414,0.000147,0.024942,0.098217,calls/second,milliseconds
1780306266,5,448.089987,12.516663,9.890070,23.153327,9.890070,12.813312,12.813312,12.813312,15.039222,448.089987,0.007403,0.000135,0.024530,0.097673,calls/second,milliseconds
1780306267,5,448.089987,12.516663,9.890070,23.153327,9.890070,12.813312,12.813312,12.813312,15.039222,448.089987,0.007392,0.000135,0.024530,0.097673,calls/second,milliseconds
1780306268,5,448.089987,12.516663,9.890070,23.153327,9.890070,12.813312,12.813312,12.813312,15.039222,448.089987,0.007381,0.000135,0.024530,0.097673,calls/second,milliseconds
1780306269,5,448.089987,12.516663,9.890070,23.153327,9.890070,12.813312,12.813312,12.813312,15.039222,448.089987,0.007370,0.000135,0.024530,0.097673,calls/second,milliseconds
1780306270,5,448.089987,12.516663,9.890070,23.153327,9.890070,12.813312,12.813312,12.813312,15.039222,448.089987,0.007359,0.000135,0.024530,0.097673,calls/second,milliseconds
1780306271,5,448.089987,12.516663,9.890070,23.153327,9.890070,12.813312,12.813312,12.813312,15.039222,448.089987,0.007348,0.000125,0.024125,0.097132,calls/second,milliseconds
1780306272,5,448.089987,12.516663,9.890070,23.153327,9.890070,12.813312,12.813312,12.813312,15.039222,448.089987,0.007337,0.000125,0.024125,0.097132,calls/second,milliseconds
1780306273,5,448.089987,12.516663,9.890070,23.153327,9.890070,12.813312,12.813312,12.813312,15.039222,448.089987,0.007327,0.000125,0.024125,0.097132,calls/second,milliseconds
1780306274,5,448.089987,12.516663,9.890070,23.153327,9.890070,12.813312,12.813312,12.813312,15.039222,448.089987,0.007316,0.000125,0.024125,0.097132,calls/second,milliseconds
1780306275,5,448.089987,12.516663,9.890070,23.153327,9.890070,12.813312,12.813312,12.813312,15.039222,448.089987,0.007305,0.000125,0.024125,0.097132,calls/second,milliseconds
1780306276,5,448.089987,12.516663,9.890070,23.153327,9.890070,12.813312,12.813312,12.813312,15.039222,448.089987,0.007294,0.000115,0.023726,0.096594,calls/second,milliseconds
1780306277,5,448.089987,12.516663,9.890070,23.153327,9.890070,12.813312,12.813312,12.813312,15.039222,448.089987,0.007284,0.000115,0.023726,0.096594,calls/second,milliseconds
1780306278,5,448.089987,12.516663,9.890070,23.153327,9.890070,12.813312,12.813312,12.813312,15.039222,448.089987,0.007273,0.000115,0.023726,0.096594,calls/second,milliseconds
1780306279,5,448.089987,12.516663,9.890070,23.153327,9.890070,12.813312,12.813312,12.813312,15.039222,448.089987,0.007263,0.000115,0.023726,0.096594,calls/second,milliseconds
1780306280,5,448.089987,12.516663,9.890070,23.153327,9.890070,12.813312,12.813312,12.813312,15.039222,448.089987,0.007252,0.000115,0.023726,0.096594,calls/second,milliseconds
1780306281,5,448.089987,12.516663,9.890070,23.153327,9.890070,12.813312,12.813312,12.813312,15.039222,448.089987,0.007242,0.000105,0.023334,0.096059,calls/second,milliseconds
1780306282,5,448.089987,12.516663,9.890070,23.153327,9.890070,12.813312,12.813312,12.813312,15.039222,448.089987,0.007231,0.000105,0.023334,0.096059,calls/second,milliseconds
1780306283,5,448.089987,12.516663,9.890070,23.153327,9.890070,12.813312,12.813312,12.813312,15.039222,448.089987,0.007221,0.000105,0.023334,0.096059,calls/second,milliseconds
1780306284,5,448.089987,12.516663,9.890070,23.153327,9.890070,12.813312,12.813312,12.813312,15.039222,448.089987,0.007210,0.000105,0.023334,0.096059,calls/second,milliseconds
1780306285,5,448.089987,12.516663,9.890070,23.153327,9.890070,12.813312,12.813312,12.813312,15.039222,448.089987,0.007200,0.000105,0.023334,0.096059,calls/second,milliseconds
1780306286,5,448.089987,12.516663,9.890070,23.153327,9.890070,12.813312,12.813312,12.813312,15.039222,448.089987,0.007189,0.000097,0.022948,0.095527,calls/second,milliseconds
1780306287,5,448.089987,12.516663,9.890070,23.153327,9.890070,12.813312,12.813312,12.813312,15.039222,448.089987,0.007179,0.000097,0.022948,0.095527,calls/second,milliseconds
1780306288,5,448.089987,12.516663,9.890070,23.153327,9.890070,12.813312,12.813312,12.813312,15.039222,448.089987,0.007169,0.000097,0.022948,0.095527,calls/second,milliseconds
1780306289,5,448.089987,12.516663,9.890070,23.153327,9.890070,12.813312,12.813312,12.813312,15.039222,448.089987,0.007159,0.000097,0.022948,0.095527,calls/second,milliseconds
1780306290,5,448.089987,12.516663,9.890070,23.153327,9.890070,12.813312,12.813312,12.813312,15.039222,448.089987,0.007148,0.000097,0.022948,0.095527,calls/second,milliseconds
1780306291,5,448.089987,12.516663,9.890070,23.153327,9.890070,12.813312,12.813312,12.813312,15.039222,448.089987,0.007138,0.000089,0.022569,0.094997,calls/second,milliseconds
1780306292,5,448.089987,12.516663,9.890070,23.153327,9.890070,12.813312,12.813312,12.813312,15.039222,448.089987,0.007128,0.000089,0.022569,0.094997,calls/second,milliseconds
1780306293,5,448.089987,12.516663,9.890070,23.153327,9.890070,12.813312,12.813312,12.813312,15.039222,448.089987,0.007118,0.000089,0.022569,0.094997,calls/second,milliseconds
1780306294,5,448.089987,12.516663,9.890070,23.153327,9.890070,12.813312,12.813312,12.813312,15.039222,448.089987,0.007108,0.000089,0.022569,0.094997,calls/second,milliseconds
1780306295,5,448.089987,12.516663,9.890070,23.153327,9.890070,12.813312,12.813312,12.813312,15.039222,448.089987,0.007097,0.000089,0.022569,0.094997,calls/second,milliseconds
1780306296,5,448.089987,12.516663,9.890070,23.153327,9.890070,12.813312,12.813312,12.813312,15.039222,448.089987,0.007087,0.000082,0.022196,0.094471,calls/second,milliseconds
1780306297,5,448.089987,12.516663,9.890070,23.153327,9.890070,12.813312,12.813312,12.813312,15.039222,448.089987,0.007077,0.000082,0.022196,0.094471,calls/second,milliseconds
1780306298,5,448.089987,12.516663,9.890070,23.153327,9.890070,12.813312,12.813312,12.813312,15.039222,448.089987,0.007067,0.000082,0.022196,0.094471,calls/second,milliseconds
1780306299,5,448.089987,12.516663,9.890070,23.153327,9.890070,12.813312,12.813312,12.813312,15.039222,448.089987,0.007057,0.000082,0.022196,0.094471,calls/second,milliseconds
1780306300,5,448.089987,12.516663,9.890070,23.153327,9.890070,12.813312,12.813312,12.813312,15.039222,448.089987,0.007047,0.000082,0.022196,0.094471,calls/second,milliseconds
1780306301,5,448.089987,12.516663,9.890070,23.153327,9.890070,12.813312,12.813312,12.813312,15.039222,448.089987,0.007037,0.000076,0.021829,0.093948,calls/second,milliseconds
1780306302,5,448.089987,12.516663,9.890070,23.153327,9.890070,12.813312,12.813312,12.813312,15.039222,448.089987,0.007028,0.000076,0.021829,0.093948,calls/second,milliseconds
1780306303,5,448.089987,12.516663,9.890070,23.153327,9.890070,12.813312,12.813312,12.813312,15.039222,448.089987,0.007018,0.000076,0.021829,0.093948,calls/second,milliseconds
1780306304,5,448.089987,12.516663,9.890070,23.153327,9.890070,12.813312,12.813312,12.813312,15.039222,448.089987,0.007008,0.000076,0.021829,0.093948,calls/second,milliseconds
1780306305,5,448.089987,12.516663,9.890070,23.153327,9.890070,12.813312,12.813312,12.813312,15.039222,448.089987,0.006998,0.000076,0.021829,0.093948,calls/second,milliseconds
1780306306,5,448.089987,12.516663,9.890070,23.153327,9.890070,12.813312,12.813312,12.813312,15.039222,448.089987,0.006988,0.000070,0.021468,0.093427,calls/second,milliseconds
1780306307,5,448.089987,12.516663,9.890070,23.153327,9.890070,12.813312,12.813312,12.813312,15.039222,448.089987,0.006978,0.000070,0.021468,0.093427,calls/second,milliseconds
1780306308,5,448.089987,12.516663,9.890070,23.153327,9.890070,12.813312,12.813312,12.813312,15.039222,448.089987,0.006969,0.000070,0.021468,0.093427,calls/second,milliseconds
1780306309,5,448.089987,12.516663,9.890070,23.153327,9.890070,12.813312,12.813312,12.813312,15.039222,448.089987,0.006959,0.000070,0.021468,0.093427,calls/second,milliseconds
1780306310,5,448.089987,12.516663,9.890070,23.153327,9.890070,12.813312,12.813312,12.813312,15.039222,448.089987,0.006949,0.000070,0.021468,0.093427,calls/second,milliseconds
1780306311,5,448.089987,12.516663,9.890070,23.153327,9.890070,12.813312,12.813312,12.813312,15.039222,448.089987,0.006940,0.000064,0.021113,0.092910,calls/second,milliseconds
1780306312,5,448.089987,12.516663,9.890070,23.153327,9.890070,12.813312,12.813312,12.813312,15.039222,448.089987,0.006930,0.000064,0.021113,0.092910,calls/second,milliseconds
1780306313,5,448.089987,12.516663,9.890070,23.153327,9.890070,12.813312,12.813312,12.813312,15.039222,448.089987,0.006920,0.000064,0.021113,0.092910,calls/second,milliseconds
1780306314,5,448.089987,12.516663,9.890070,23.153327,9.890070,12.813312,12.813312,12.813312,15.039222,448.089987,0.006911,0.000064,0.021113,0.092910,calls/second,milliseconds
1780306315,5,448.089987,12.516663,9.890070,23.153327,9.890070,12.813312,12.813312,12.813312,15.039222,448.089987,0.006901,0.000064,0.021113,0.092910,calls/second,milliseconds
1780306316,5,448.089987,12.516663,9.890070,23.153327,9.890070,12.813312,12.813312,12.813312,15.039222,448.089987,0.006892,0.000059,0.020764,0.092395,calls/second,milliseconds
1780306317,5,448.089987,12.516663,9.890070,23.153327,9.890070,12.813312,12.813312,12.813312,15.039222,448.089987,0.006882,0.000059,0.020764,0.092395,calls/second,milliseconds
1780306318,5,448.089987,12.516663,9.890070,23.153327,9.890070,12.813312,12.813312,12.813312,15.039222,448.089987,0.006873,0.000059,0.020764,0.092395,calls/second,milliseconds
1780306319,5,448.089987,12.516663,9.890070,23.153327,9.890070,12.813312,12.813312,12.813312,15.039222,448.089987,0.006863,0.000059,0.020764,0.092395,calls/second,milliseconds
1780306320,5,448.089987,12.516663,9.890070,23.153327,9.890070,12.813312,12.813312,12.813312,15.039222,448.089987,0.006854,0.000059,0.020764,0.092395,calls/second,milliseconds
1780306321,5,448.089987,12.516663,9.890070,23.153327,9.890070,12.813312,12.813312,12.813312,15.039222,448.089987,0.006845,0.000054,0.020421,0.091883,calls/second,milliseconds
1780306322,5,448.089987,12.516663,9.890070,23.153327,9.890070,12.813312,12.813312,12.813312,15.039222,448.089987,0.006835,0.000054,0.020421,0.091883,calls/second,milliseconds
1780306323,5,448.089987,12.516663,9.890070,23.153327,9.890070,12.813312,12.813312,12.813312,15.039222,448.089987,0.006826,0.000054,0.020421,0.091883,calls/second,milliseconds
1780306324,5,448.089987,12.516663,9.890070,23.153327,9.890070,12.813312,12.813312,12.813312,15.039222,448.089987,0.006817,0.000054,0.020421,0.091883,calls/second,milliseconds
1780306325,5,448.089987,12.516663,9.890070,23.153327,9.890070,12.813312,12.813312,12.813312,15.039222,448.089987,0.006807,0.000054,0.020421,0.091883,calls/second,milliseconds
1780306326,5,448.089987,12.516663,9.890070,23.153327,9.890070,12.813312,12.813312,12.813312,15.039222,448.089987,0.006798,0.000050,0.020084,0.091374,calls/second,milliseconds
1780306327,5,448.089987,12.516663,9.890070,23.153327,9.890070,12.813312,12.813312,12.813312,15.039222,448.089987,0.006789,0.000050,0.020084,0.091374,calls/second,milliseconds
1780306328,5,448.089987,12.516663,9.890070,23.153327,9.890070,12.813312,12.813312,12.813312,15.039222,448.089987,0.006779,0.000050,0.020084,0.091374,calls/second,milliseconds
1780306329,5,448.089987,12.516663,9.890070,23.153327,9.890070,12.813312,12.813312,12.813312,15.039222,448.089987,0.006770,0.000050,0.020084,0.091374,calls/second,milliseconds
1780306330,5,448.089987,12.516663,9.890070,23.153327,9.890070,12.813312,12.813312,12.813312,15.039222,448.089987,0.006761,0.000050,0.020084,0.091374,calls/second,milliseconds
1780306331,5,448.089987,12.516663,9.890070,23.153327,9.890070,12.813312,12.813312,12.813312,15.039222,448.089987,0.006752,0.000046,0.019752,0.090868,calls/second,milliseconds
1780306332,5,448.089987,12.516663,9.890070,23.153327,9.890070,12.813312,12.813312,12.813312,15.039222,448.089987,0.006743,0.000046,0.019752,0.090868,calls/second,milliseconds
1780306333,5,448.089987,12.516663,9.890070,23.153327,9.890070,12.813312,12.813312,12.813312,15.039222,448.089987,0.006734,0.000046,0.019752,0.090868,calls/second,milliseconds
1780306334,5,448.089987,12.516663,9.890070,23.153327,9.890070,12.813312,12.813312,12.813312,15.039222,448.089987,0.006725,0.000046,0.019752,0.090868,calls/second,milliseconds
1780306335,5,448.089987,12.516663,9.890070,23.153327,9.890070,12.813312,12.813312,12.813312,15.039222,448.089987,0.006716,0.000046,0.019752,0.090868,calls/second,milliseconds
1780306336,5,448.089987,12.516663,9.890070,23.153327,9.890070,12.813312,12.813312,12.813312,15.039222,448.089987,0.006707,0.000042,0.019425,0.090364,calls/second,milliseconds
1780306337,5,448.089987,12.516663,9.890070,23.153327,9.890070,12.813312,12.813312,12.813312,15.039222,448.089987,0.006698,0.000042,0.019425,0.090364,calls/second,milliseconds
1780306338,5,448.089987,12.516663,9.890070,23.153327,9.890070,12.813312,12.813312,12.813312,15.039222,448.089987,0.006689,0.000042,0.019425,0.090364,calls/second,milliseconds
1780306339,5,448.089987,12.516663,9.890070,23.153327,9.890070,12.813312,12.813312,12.813312,15.039222,448.089987,0.006680,0.000042,0.019425,0.090364,calls/second,milliseconds
1780306340,5,448.089987,12.516663,9.890070,23.153327,9.890070,12.813312,12.813312,12.813312,15.039222,448.089987,0.006671,0.000042,0.019425,0.090364,calls/second,milliseconds
1780306341,5,448.089987,12.516663,9.890070,23.153327,9.890070,12.813312,12.813312,12.813312,15.039222,448.089987,0.006662,0.000039,0.019104,0.089864,calls/second,milliseconds
1780306342,5,448.089987,12.516663,9.890070,23.153327,9.890070,12.813312,12.813312,12.813312,15.039222,448.089987,0.006653,0.000039,0.019104,0.089864,calls/second,milliseconds
1780306343,5,448.089987,12.516663,9.890070,23.153327,9.890070,12.813312,12.813312,12.813312,15.039222,448.089987,0.006644,0.000039,0.019104,0.089864,calls/second,milliseconds
1780306344,5,448.089987,12.516663,9.890070,23.153327,9.890070,12.813312,12.813312,12.813312,15.039222,448.089987,0.006635,0.000039,0.019104,0.089864,calls/second,milliseconds
1780306345,5,448.089987,12.516663,9.890070,23.153327,9.890070,12.813312,12.813312,12.813312,15.039222,448.089987,0.006626,0.000039,0.019104,0.089864,calls/second,milliseconds
1780306346,5,448.089987,12.516663,9.890070,23.153327,9.890070,12.813312,12.813312,12.813312,15.039222,448.089987,0.006618,0.000036,0.018788,0.089366,calls/second,milliseconds
1780306347,5,448.089987,12.516663,9.890070,23.153327,9.890070,12.813312,12.813312,12.813312,15.039222,448.089987,0.006609,0.000036,0.018788,0.089366,calls/second,milliseconds
1780306348,5,448.089987,12.516663,9.890070,23.153327,9.890070,12.813312,12.813312,12.813312,15.039222,448.089987,0.006600,0.000036,0.018788,0.089366,calls/second,milliseconds
1780306349,6,448.089987,11.990474,9.890070,1.470932,11.988343,11.988343,11.988343,11.988343,11.988343,12.813312,0.007910,0.000036,0.018788,0.089366,calls/second,milliseconds
1780306350,6,448.089987,11.990474,9.890070,1.470932,11.988343,11.988343,11.988343,11.988343,11.988343,12.813312,0.007899,0.000036,0.018788,0.089366,calls/second,milliseconds
1780306351,6,448.089987,11.990474,9.890070,1.470932,11.988343,11.988343,11.988343,11.988343,11.988343,12.813312,0.007889,0.016024,0.021783,0.089979,calls/second,milliseconds
1780306352,6,448.089987,11.990474,9.890070,1.470932,11.988343,11.988343,11.988343,11.988343,11.988343,12.813312,0.007879,0.016024,0.021783,0.089979,calls/second,milliseconds
1780306353,6,448.089987,11.990474,9.890070,1.470932,11.988343,11.988343,11.988343,11.988343,11.988343,12.813312,0.007868,0.016024,0.021783,0.089979,calls/second,milliseconds
1780306354,6,448.089987,11.990474,9.890070,1.470932,11.988343,11.988343,11.988343,11.988343,11.988343,12.813312,0.007858,0.016024,0.021783,0.089979,calls/second,milliseconds
1780306355,6,448.089987,11.990474,9.890070,1.470932,11.988343,11.988343,11.988343,11.988343,11.988343,12.813312,0.007848,0.016024,0.021783,0.089979,calls/second,milliseconds
1780306356,6,448.089987,11.990474,9.890070,1.470932,11.988343,11.988343,11.988343,11.988343,11.988343,12.813312,0.007837,0.014743,0.021423,0.089480,calls/second,milliseconds
1780306357,6,448.089987,11.990474,9.890070,1.470932,11.988343,11.988343,11.988343,11.988343,11.988343,12.813312,0.007827,0.014743,0.021423,0.089480,calls/second,milliseconds
1780306358,6,448.089987,11.990474,9.890070,1.470932,11.988343,11.988343,11.988343,11.988343,11.988343,12.813312,0.007817,0.014743,0.021423,0.089480,calls/second,milliseconds
1780306359,7,448.089987,10.880803,9.890070,1.437760,9.921831,11.988343,11.988343,11.988343,11.988343,11.988343,0.009108,0.014743,0.021423,0.089480,calls/second,milliseconds
1780306360,7,448.089987,10.880803,9.890070,1.437760,9.921831,11.988343,11.988343,11.988343,11.988343,11.988343,0.009096,0.014743,0.021423,0.089480,calls/second,milliseconds
1780306361,7,448.089987,10.880803,9.890070,1.437760,9.921831,11.988343,11.988343,11.988343,11.988343,11.988343,0.009084,0.029555,0.024375,0.090093,calls/second,milliseconds
1780306362,7,448.089987,10.880803,9.890070,1.437760,9.921831,11.988343,11.988343,11.988343,11.988343,11.988343,0.009072,0.029555,0.024375,0.090093,calls/second,milliseconds
1780306363,7,448.089987,10.880803,9.890070,1.437760,9.921831,11.988343,11.988343,11.988343,11.988343,11.988343,0.009061,0.029555,0.024375,0.090093,calls/second,milliseconds
1780306364,7,448.089987,10.880803,9.890070,1.437760,9.921831,11.988343,11.988343,11.988343,11.988343,11.988343,0.009049,0.029555,0.024375,0.090093,calls/second,milliseconds
1780306365,7,448.089987,10.880803,9.890070,1.437760,9.921831,11.988343,11.988343,11.988343,11.988343,11.988343,0.009037,0.029555,0.024375,0.090093,calls/second,milliseconds
1780306366,7,448.089987,10.880803,9.890070,1.437760,9.921831,11.988343,11.988343,11.988343,11.988343,11.988343,0.009026,0.027192,0.023972,0.089593,calls/second,milliseconds
1780306367,7,448.089987,10.880803,9.890070,1.437760,9.921831,11.988343,11.988343,11.988343,11.988343,11.988343,0.009014,0.027192,0.023972,0.089593,calls/second,milliseconds
1780306368,7,448.089987,10.880803,9.890070,1.437760,9.921831,11.988343,11.988343,11.988343,11.988343,11.988343,0.009002,0.027192,0.023972,0.089593,calls/second,milliseconds
1780306369,7,448.089987,10.880803,9.890070,1.437760,9.921831,11.988343,11.988343,11.988343,11.988343,11.988343,0.008991,0.027192,0.023972,0.089593,calls/second,milliseconds
1780306370,7,448.089987,10.880803,9.890070,1.437760,9.921831,11.988343,11.988343,11.988343,11.988343,11.988343,0.008979,0.027192,0.023972,0.089593,calls/second,milliseconds
1780306371,7,448.089987,10.880803,9.890070,1.437760,9.921831,11.988343,11.988343,11.988343,11.988343,11.988343,0.008968,0.025018,0.023576,0.089097,calls/second,milliseconds
1780306372,7,448.089987,10.880803,9.890070,1.437760,9.921831,11.988343,11.988343,11.988343,11.988343,11.988343,0.008956,0.025018,0.023576,0.089097,calls/second,milliseconds
1780306373,7,448.089987,10.880803,9.890070,1.437760,9.921831,11.988343,11.988343,11.988343,11.988343,11.988343,0.008945,0.025018,0.023576,0.089097,calls/second,milliseconds
1780306374,7,448.089987,10.880803,9.890070,1.437760,9.921831,11.988343,11.988343,11.988343,11.988343,11.988343,0.008933,0.025018,0.023576,0.089097,calls/second,milliseconds
1780306375,7,448.089987,10.880803,9.890070,1.437760,9.921831,11.988343,11.988343,11.988343,11.988343,11.988343,0.008922,0.025018,0.023576,0.089097,calls/second,milliseconds
1780306376,7,448.089987,10.880803,9.890070,1.437760,9.921831,11.988343,11.988343,11.988343,11.988343,11.988343,0.008910,0.023018,0.023186,0.088603,calls/second,milliseconds
1780306377,7,448.089987,10.880803,9.890070,1.437760,9.921831,11.988343,11.988343,11.988343,11.988343,11.988343,0.008899,0.023018,0.023186,0.088603,calls/second,milliseconds
1780306378,7,448.089987,10.880803,9.890070,1.437760,9.921831,11.988343,11.988343,11.988343,11.988343,11.988343,0.008888,0.023018,0.023186,0.088603,calls/second,milliseconds
1780306379,7,448.089987,10.880803,9.890070,1.437760,9.921831,11.988343,11.988343,11.988343,11.988343,11.988343,0.008877,0.023018,0.023186,0.088603,calls/second,milliseconds
1780306380,7,448.089987,10.880803,9.890070,1.437760,9.921831,11.988343,11.988343,11.988343,11.988343,11.988343,0.008865,0.023018,0.023186,0.088603,calls/second,milliseconds
1780306381,7,448.089987,10.880803,9.890070,1.437760,9.921831,11.988343,11.988343,11.988343,11.988343,11.988343,0.008854,0.021177,0.022803,0.088113,calls/second,milliseconds
1780306382,7,448.089987,10.880803,9.890070,1.437760,9.921831,11.988343,11.988343,11.988343,11.988343,11.988343,0.008843,0.021177,0.022803,0.088113,calls/second,milliseconds
1780306383,7,448.089987,10.880803,9.890070,1.437760,9.921831,11.988343,11.988343,11.988343,11.988343,11.988343,0.008832,0.021177,0.022803,0.088113,calls/second,milliseconds
1780306384,7,448.089987,10.880803,9.890070,1.437760,9.921831,11.988343,11.988343,11.988343,11.988343,11.988343,0.008821,0.021177,0.022803,0.088113,calls/second,milliseconds
1780306385,7,448.089987,10.880803,9.890070,1.437760,9.921831,11.988343,11.988343,11.988343,11.988343,11.988343,0.008809,0.021177,0.022803,0.088113,calls/second,milliseconds
1780306386,7,448.089987,10.880803,9.890070,1.437760,9.921831,11.988343,11.988343,11.988343,11.988343,11.988343,0.008798,0.019484,0.022426,0.087624,calls/second,milliseconds
1780306387,7,448.089987,10.880803,9.890070,1.437760,9.921831,11.988343,11.988343,11.988343,11.988343,11.988343,0.008787,0.019484,0.022426,0.087624,calls/second,milliseconds
1780306388,7,448.089987,10.880803,9.890070,1.437760,9.921831,11.988343,11.988343,11.988343,11.988343,11.988343,0.008776,0.019484,0.022426,0.087624,calls/second,milliseconds
1780306389,7,448.089987,10.880803,9.890070,1.437760,9.921831,11.988343,11.988343,11.988343,11.988343,11.988343,0.008765,0.019484,0.022426,0.087624,calls/second,milliseconds
1780306390,7,448.089987,10.880803,9.890070,1.437760,9.921831,11.988343,11.988343,11.988343,11.988343,11.988343,0.008754,0.019484,0.022426,0.087624,calls/second,milliseconds
1780306391,7,448.089987,10.880803,9.890070,1.437760,9.921831,11.988343,11.988343,11.988343,11.988343,11.988343,0.008743,0.017926,0.022055,0.087139,calls/second,milliseconds
1780306392,7,448.089987,10.880803,9.890070,1.437760,9.921831,11.988343,11.988343,11.988343,11.988343,11.988343,0.008732,0.017926,0.022055,0.087139,calls/second,milliseconds
1780306393,7,448.089987,10.880803,9.890070,1.437760,9.921831,11.988343,11.988343,11.988343,11.988343,11.988343,0.008722,0.017926,0.022055,0.087139,calls/second,milliseconds
1780306394,7,448.089987,10.880803,9.890070,1.437760,9.921831,11.988343,11.988343,11.988343,11.988343,11.988343,0.008711,0.017926,0.022055,0.087139,calls/second,milliseconds
1780306395,7,448.089987,10.880803,9.890070,1.437760,9.921831,11.988343,11.988343,11.988343,11.988343,11.988343,0.008700,0.017926,0.022055,0.087139,calls/second,milliseconds
1780306396,7,448.089987,10.880803,9.890070,1.437760,9.921831,11.988343,11.988343,11.988343,11.988343,11.988343,0.008689,0.016493,0.021691,0.086656,calls/second,milliseconds
1780306397,7,448.089987,10.880803,9.890070,1.437760,9.921831,11.988343,11.988343,11.988343,11.988343,11.988343,0.008678,0.016493,0.021691,0.086656,calls/second,milliseconds
1780306398,7,448.089987,10.880803,9.890070,1.437760,9.921831,11.988343,11.988343,11.988343,11.988343,11.988343,0.008667,0.016493,0.021691,0.086656,calls/second,milliseconds
1780306399,7,448.089987,10.880803,9.890070,1.437760,9.921831,11.988343,11.988343,11.988343,11.988343,11.988343,0.008657,0.016493,0.021691,0.086656,calls/second,milliseconds
1780306400,7,448.089987,10.880803,9.890070,1.437760,9.921831,11.988343,11.988343,11.988343,11.988343,11.988343,0.008646,0.016493,0.021691,0.086656,calls/second,milliseconds
1780306401,7,448.089987,10.880803,9.890070,1.437760,9.921831,11.988343,11.988343,11.988343,11.988343,11.988343,0.008635,0.015174,0.021332,0.086176,calls/second,milliseconds
1780306402,7,448.089987,10.880803,9.890070,1.437760,9.921831,11.988343,11.988343,11.988343,11.988343,11.988343,0.008625,0.015174,0.021332,0.086176,calls/second,milliseconds
1780306403,7,448.089987,10.880803,9.890070,1.437760,9.921831,11.988343,11.988343,11.988343,11.988343,11.988343,0.008614,0.015174,0.021332,0.086176,calls/second,milliseconds
1780306404,7,448.089987,10.880803,9.890070,1.437760,9.921831,11.988343,11.988343,11.988343,11.988343,11.988343,0.008603,0.015174,0.021332,0.086176,calls/second,milliseconds
1780306405,7,448.089987,10.880803,9.890070,1.437760,9.921831,11.988343,11.988343,11.988343,11.988343,11.988343,0.008593,0.015174,0.021332,0.086176,calls/second,milliseconds
1780306406,7,448.089987,10.880803,9.890070,1.437760,9.921831,11.988343,11.988343,11.988343,11.988343,11.988343,0.008582,0.013961,0.020980,0.085699,calls/second,milliseconds
1780306407,7,448.089987,10.880803,9.890070,1.437760,9.921831,11.988343,11.988343,11.988343,11.988343,11.988343,0.008572,0.013961,0.020980,0.085699,calls/second,milliseconds
1780306408,7,448.089987,10.880803,9.890070,1.437760,9.921831,11.988343,11.988343,11.988343,11.988343,11.988343,0.008561,0.013961,0.020980,0.085699,calls/second,milliseconds
1780306409,7,448.089987,10.880803,9.890070,1.437760,9.921831,11.988343,11.988343,11.988343,11.988343,11.988343,0.008551,0.013961,0.020980,0.085699,calls/second,milliseconds
1780306410,7,448.089987,10.880803,9.890070,1.437760,9.921831,11.988343,11.988343,11.988343,11.988343,11.988343,0.008540,0.013961,0.020980,0.085699,calls/second,milliseconds
1780306411,7,448.089987,10.880803,9.890070,1.437760,9.921831,11.988343,11.988343,11.988343,11.988343,11.988343,0.008530,0.012845,0.020633,0.085224,calls/second,milliseconds
1780306412,7,448.089987,10.880803,9.890070,1.437760,9.921831,11.988343,11.988343,11.988343,11.988343,11.988343,0.008520,0.012845,0.020633,0.085224,calls/second,milliseconds
1780306413,7,448.089987,10.880803,9.890070,1.437760,9.921831,11.988343,11.988343,11.988343,11.988343,11.988343,0.008509,0.012845,0.020633,0.085224,calls/second,milliseconds
1780306414,7,448.089987,10.880803,9.890070,1.437760,9.921831,11.988343,11.988343,11.988343,11.988343,11.988343,0.008499,0.012845,0.020633,0.085224,calls/second,milliseconds
1780306415,7,448.089987,10.880803,9.890070,1.437760,9.921831,11.988343,11.988343,11.988343,11.988343,11.988343,0.008489,0.012845,0.020633,0.085224,calls/second,milliseconds
1780306416,7,448.089987,10.880803,9.890070,1.437760,9.921831,11.988343,11.988343,11.988343,11.988343,11.988343,0.008478,0.011818,0.020292,0.084752,calls/second,milliseconds
1780306417,7,448.089987,10.880803,9.890070,1.437760,9.921831,11.988343,11.988343,11.988343,11.988343,11.988343,0.008468,0.011818,0.020292,0.084752,calls/second,milliseconds
1780306418,7,448.089987,10.880803,9.890070,1.437760,9.921831,11.988343,11.988343,11.988343,11.988343,11.988343,0.008458,0.011818,0.020292,0.084752,calls/second,milliseconds
1780306419,7,448.089987,10.880803,9.890070,1.437760,9.921831,11.988343,11.988343,11.988343,11.988343,11.988343,0.008447,0.011818,0.020292,0.084752,calls/second,milliseconds
1780306420,7,448.089987,10.880803,9.890070,1.437760,9.921831,11.988343,11.988343,11.988343,11.988343,11.988343,0.008437,0.011818,0.020292,0.084752,calls/second,milliseconds
1780306421,7,448.089987,10.880803,9.890070,1.437760,9.921831,11.988343,11.988343,11.988343,11.988343,11.988343,0.008427,0.010873,0.019957,0.084282,calls/second,milliseconds
1780306422,7,448.089987,10.880803,9.890070,1.437760,9.921831,11.988343,11.988343,11.988343,11.988343,11.988343,0.008417,0.010873,0.019957,0.084282,calls/second,milliseconds
1780306423,7,448.089987,10.880803,9.890070,1.437760,9.921831,11.988343,11.988343,11.988343,11.988343,11.988343,0.008407,0.010873,0.019957,0.084282,calls/second,milliseconds
1780306424,7,448.089987,10.880803,9.890070,1.437760,9.921831,11.988343,11.988343,11.988343,11.988343,11.988343,0.008397,0.010873,0.019957,0.084282,calls/second,milliseconds
1780306425,7,448.089987,10.880803,9.890070,1.437760,9.921831,11.988343,11.988343,11.988343,11.988343,11.988343,0.008387,0.010873,0.019957,0.084282,calls/second,milliseconds
1780306426,7,448.089987,10.880803,9.890070,1.437760,9.921831,11.988343,11.988343,11.988343,11.988343,11.988343,0.008377,0.010003,0.019627,0.083815,calls/second,milliseconds
1780306427,7,448.089987,10.880803,9.890070,1.437760,9.921831,11.988343,11.988343,11.988343,11.988343,11.988343,0.008367,0.010003,0.019627,0.083815,calls/second,milliseconds
1780306428,7,448.089987,10.880803,9.890070,1.437760,9.921831,11.988343,11.988343,11.988343,11.988343,11.988343,0.008357,0.010003,0.019627,0.083815,calls/second,milliseconds
1780306429,7,448.089987,10.880803,9.890070,1.437760,9.921831,11.988343,11.988343,11.988343,11.988343,11.988343,0.008347,0.010003,0.019627,0.083815,calls/second,milliseconds
1780306430,7,448.089987,10.880803,9.890070,1.437760,9.921831,11.988343,11.988343,11.988343,11.988343,11.988343,0.008337,0.010003,0.019627,0.083815,calls/second,milliseconds
1780306431,7,448.089987,10.880803,9.890070,1.437760,9.921831,11.988343,11.988343,11.988343,11.988343,11.988343,0.008327,0.009204,0.019302,0.083351,calls/second,milliseconds
1780306432,7,448.089987,10.880803,9.890070,1.437760,9.921831,11.988343,11.988343,11.988343,11.988343,11.988343,0.008317,0.009204,0.019302,0.083351,calls/second,milliseconds
1780306433,7,448.089987,10.880803,9.890070,1.437760,9.921831,11.988343,11.988343,11.988343,11.988343,11.988343,0.008307,0.009204,0.019302,0.083351,calls/second,milliseconds
1780306434,7,448.089987,10.880803,9.890070,1.437760,9.921831,11.988343,11.988343,11.988343,11.988343,11.988343,0.008297,0.009204,0.019302,0.083351,calls/second,milliseconds
1780306435,7,448.089987,10.880803,9.890070,1.437760,9.921831,11.988343,11.988343,11.988343,11.988343,11.988343,0.008287,0.009204,0.019302,0.083351,calls/second,milliseconds
1780306436,7,448.089987,10.880803,9.890070,1.437760,9.921831,11.988343,11.988343,11.988343,11.988343,11.988343,0.008277,0.008468,0.018983,0.082889,calls/second,milliseconds
1780306437,7,448.089987,10.880803,9.890070,1.437760,9.921831,11.988343,11.988343,11.988343,11.988343,11.988343,0.008268,0.008468,0.018983,0.082889,calls/second,milliseconds
1780306438,7,448.089987,10.880803,9.890070,1.437760,9.921831,11.988343,11.988343,11.988343,11.988343,11.988343,0.008258,0.008468,0.018983,0.082889,calls/second,milliseconds
1780306439,7,448.089987,10.880803,9.890070,1.437760,9.921831,11.988343,11.988343,11.988343,11.988343,11.988343,0.008248,0.008468,0.018983,0.082889,calls/second,milliseconds
1780306440,7,448.089987,10.880803,9.890070,1.437760,9.921831,11.988343,11.988343,11.988343,11.988343,11.988343,0.008238,0.008468,0.018983,0.082889,calls/second,milliseconds
1780306441,7,448.089987,10.880803,9.890070,1.437760,9.921831,11.988343,11.988343,11.988343,11.988343,11.988343,0.008229,0.007791,0.018670,0.082430,calls/second,milliseconds
1780306442,7,448.089987,10.880803,9.890070,1.437760,9.921831,11.988343,11.988343,11.988343,11.988343,11.988343,0.008219,0.007791,0.018670,0.082430,calls/second,milliseconds
1780306443,7,448.089987,10.880803,9.890070,1.437760,9.921831,11.988343,11.988343,11.988343,11.988343,11.988343,0.008209,0.007791,0.018670,0.082430,calls/second,milliseconds
1780306444,7,448.089987,10.880803,9.890070,1.437760,9.921831,11.988343,11.988343,11.988343,11.988343,11.988343,0.008200,0.007791,0.018670,0.082430,calls/second,milliseconds
1780306445,7,448.089987,10.880803,9.890070,1.437760,9.921831,11.988343,11.988343,11.988343,11.988343,11.988343,0.008190,0.007791,0.018670,0.082430,calls/second,milliseconds
1780306446,7,448.089987,10.880803,9.890070,1.437760,9.921831,11.988343,11.988343,11.988343,11.988343,11.988343,0.008181,0.007168,0.018361,0.081973,calls/second,milliseconds
1780306447,7,448.089987,10.880803,9.890070,1.437760,9.921831,11.988343,11.988343,11.988343,11.988343,11.988343,0.008171,0.007168,0.018361,0.081973,calls/second,milliseconds
1780306448,7,448.089987,10.880803,9.890070,1.437760,9.921831,11.988343,11.988343,11.988343,11.988343,11.988343,0.008161,0.007168,0.018361,0.081973,calls/second,milliseconds
1780306449,7,448.089987,10.880803,9.890070,1.437760,9.921831,11.988343,11.988343,11.988343,11.988343,11.988343,0.008152,0.007168,0.018361,0.081973,calls/second,milliseconds
1780306450,7,448.089987,10.880803,9.890070,1.437760,9.921831,11.988343,11.988343,11.988343,11.988343,11.988343,0.008142,0.007168,0.018361,0.081973,calls/second,milliseconds
1780306451,7,448.089987,10.880803,9.890070,1.437760,9.921831,11.988343,11.988343,11.988343,11.988343,11.988343,0.008133,0.006595,0.018057,0.081519,calls/second,milliseconds
1780306452,7,448.089987,10.880803,9.890070,1.437760,9.921831,11.988343,11.988343,11.988343,11.988343,11.988343,0.008124,0.006595,0.018057,0.081519,calls/second,milliseconds
1780306453,7,448.089987,10.880803,9.890070,1.437760,9.921831,11.988343,11.988343,11.988343,11.988343,11.988343,0.008114,0.006595,0.018057,0.081519,calls/second,milliseconds
1780306454,7,448.089987,10.880803,9.890070,1.437760,9.921831,11.988343,11.988343,11.988343,11.988343,11.988343,0.008105,0.006595,0.018057,0.081519,calls/second,milliseconds
1780306455,7,448.089987,10.880803,9.890070,1.437760,9.921831,11.988343,11.988343,11.988343,11.988343,11.988343,0.008095,0.006595,0.018057,0.081519,calls/second,milliseconds
1780306456,7,448.089987,10.880803,9.890070,1.437760,9.921831,11.988343,11.988343,11.988343,11.988343,11.988343,0.008086,0.006067,0.017759,0.081068,calls/second,milliseconds
1780306457,7,448.089987,10.880803,9.890070,1.437760,9.921831,11.988343,11.988343,11.988343,11.988343,11.988343,0.008077,0.006067,0.017759,0.081068,calls/second,milliseconds
1780306458,7,448.089987,10.880803,9.890070,1.437760,9.921831,11.988343,11.988343,11.988343,11.988343,11.988343,0.008067,0.006067,0.017759,0.081068,calls/second,milliseconds
1780306459,7,448.089987,10.880803,9.890070,1.437760,9.921831,11.988343,11.988343,11.988343,11.988343,11.988343,0.008058,0.006067,0.017759,0.081068,calls/second,milliseconds
1780306460,7,448.089987,10.880803,9.890070,1.437760,9.921831,11.988343,11.988343,11.988343,11.988343,11.988343,0.008049,0.006067,0.017759,0.081068,calls/second,milliseconds
1780306461,7,448.089987,10.880803,9.890070,1.437760,9.921831,11.988343,11.988343,11.988343,11.988343,11.988343,0.008039,0.005582,0.017465,0.080618,calls/second,milliseconds
1780306462,7,448.089987,10.880803,9.890070,1.437760,9.921831,11.988343,11.988343,11.988343,11.988343,11.988343,0.008030,0.005582,0.017465,0.080618,calls/second,milliseconds
1780306463,7,448.089987,10.880803,9.890070,1.437760,9.921831,11.988343,11.988343,11.988343,11.988343,11.988343,0.008021,0.005582,0.017465,0.080618,calls/second,milliseconds
1780306464,7,448.089987,10.880803,9.890070,1.437760,9.921831,11.988343,11.988343,11.988343,11.988343,11.988343,0.008012,0.005582,0.017465,0.080618,calls/second,milliseconds
1780306465,7,448.089987,10.880803,9.890070,1.437760,9.921831,11.988343,11.988343,11.988343,11.988343,11.988343,0.008003,0.005582,0.017465,0.080618,calls/second,milliseconds
1780306466,7,448.089987,10.880803,9.890070,1.437760,9.921831,11.988343,11.988343,11.988343,11.988343,11.988343,0.007993,0.005136,0.017177,0.080172,calls/second,milliseconds
1780306467,7,448.089987,10.880803,9.890070,1.437760,9.921831,11.988343,11.988343,11.988343,11.988343,11.988343,0.007984,0.005136,0.017177,0.080172,calls/second,milliseconds
1780306468,7,448.089987,10.880803,9.890070,1.437760,9.921831,11.988343,11.988343,11.988343,11.988343,11.988343,0.007975,0.005136,0.017177,0.080172,calls/second,milliseconds
1780306469,8,448.089987,9.184844,8.577660,1.254882,8.577660,9.921831,11.988343,11.988343,11.988343,11.988343,0.009104,0.005136,0.017177,0.080172,calls/second,milliseconds
1780306470,8,448.089987,9.184844,8.577660,1.254882,8.577660,9.921831,11.988343,11.988343,11.988343,11.988343,0.009094,0.005136,0.017177,0.080172,calls/second,milliseconds
1780306471,8,448.089987,9.184844,8.577660,1.254882,8.577660,9.921831,11.988343,11.988343,11.988343,11.988343,0.009083,0.020716,0.020199,0.080836,calls/second,milliseconds
1780306472,8,448.089987,9.184844,8.577660,1.254882,8.577660,9.921831,11.988343,11.988343,11.988343,11.988343,0.009073,0.020716,0.020199,0.080836,calls/second,milliseconds
1780306473,8,448.089987,9.184844,8.577660,1.254882,8.577660,9.921831,11.988343,11.988343,11.988343,11.988343,0.009063,0.020716,0.020199,0.080836,calls/second,milliseconds
1780306474,8,448.089987,9.184844,8.577660,1.254882,8.577660,9.921831,11.988343,11.988343,11.988343,11.988343,0.009053,0.020716,0.020199,0.080836,calls/second,milliseconds
1780306475,8,448.089987,9.184844,8.577660,1.254882,8.577660,9.921831,11.988343,11.988343,11.988343,11.988343,0.009042,0.020716,0.020199,0.080836,calls/second,milliseconds
1780306476,8,448.089987,9.184844,8.577660,1.254882,8.577660,9.921831,11.988343,11.988343,11.988343,11.988343,0.009032,0.019060,0.019865,0.080388,calls/second,milliseconds
1780306477,8,448.089987,9.184844,8.577660,1.254882,8.577660,9.921831,11.988343,11.988343,11.988343,11.988343,0.009022,0.019060,0.019865,0.080388,calls/second,milliseconds
1780306478,8,448.089987,9.184844,8.577660,1.254882,8.577660,9.921831,11.988343,11.988343,11.988343,11.988343,0.009012,0.019060,0.019865,0.080388,calls/second,milliseconds
1780306479,9,448.089987,9.675903,8.577660,1.063260,10.249880,10.249880,11.988343,11.988343,11.988343,11.988343,0.010127,0.019060,0.019865,0.080388,calls/second,milliseconds
1780306480,9,448.089987,9.675903,8.577660,1.063260,10.249880,10.249880,11.988343,11.988343,11.988343,11.988343,0.010115,0.019060,0.019865,0.080388,calls/second,milliseconds
1780306481,9,448.089987,9.675903,8.577660,1.063260,10.249880,10.249880,11.988343,11.988343,11.988343,11.988343,0.010104,0.033527,0.022842,0.081050,calls/second,milliseconds
1780306482,9,448.089987,9.675903,8.577660,1.063260,10.249880,10.249880,11.988343,11.988343,11.988343,11.988343,0.010093,0.033527,0.022842,0.081050,calls/second,milliseconds
1780306483,9,448.089987,9.675903,8.577660,1.063260,10.249880,10.249880,11.988343,11.988343,11.988343,11.988343,0.010081,0.033527,0.022842,0.081050,calls/second,milliseconds
1780306484,9,448.089987,9.675903,8.577660,1.063260,10.249880,10.249880,11.988343,11.988343,11.988343,11.988343,0.010070,0.033527,0.022842,0.081050,calls/second,milliseconds
1780306485,9,448.089987,9.675903,8.577660,1.063260,10.249880,10.249880,11.988343,11.988343,11.988343,11.988343,0.010059,0.033527,0.022842,0.081050,calls/second,milliseconds
1780306486,9,448.089987,9.675903,8.577660,1.063260,10.249880,10.249880,11.988343,11.988343,11.988343,11.988343,0.010048,0.030846,0.022465,0.080601,calls/second,milliseconds
1780306487,9,448.089987,9.675903,8.577660,1.063260,10.249880,10.249880,11.988343,11.988343,11.988343,11.988343,0.010036,0.030846,0.022465,0.080601,calls/second,milliseconds
1780306488,9,448.089987,9.675903,8.577660,1.063260,10.249880,10.249880,11.988343,11.988343,11.988343,11.988343,0.010025,0.030846,0.022465,0.080601,calls/second,milliseconds
1780306489,9,448.089987,9.675903,8.577660,1.063260,10.249880,10.249880,11.988343,11.988343,11.988343,11.988343,0.010014,0.030846,0.022465,0.080601,calls/second,milliseconds
1780306490,9,448.089987,9.675903,8.577660,1.063260,10.249880,10.249880,11.988343,11.988343,11.988343,11.988343,0.010003,0.030846,0.022465,0.080601,calls/second,milliseconds
1780306491,9,448.089987,9.675903,8.577660,1.063260,10.249880,10.249880,11.988343,11.988343,11.988343,11.988343,0.009992,0.028380,0.022093,0.080155,calls/second,milliseconds
1780306492,9,448.089987,9.675903,8.577660,1.063260,10.249880,10.249880,11.988343,11.988343,11.988343,11.988343,0.009981,0.028380,0.022093,0.080155,calls/second,milliseconds
1780306493,9,448.089987,9.675903,8.577660,1.063260,10.249880,10.249880,11.988343,11.988343,11.988343,11.988343,0.009970,0.028380,0.022093,0.080155,calls/second,milliseconds
1780306494,9,448.089987,9.675903,8.577660,1.063260,10.249880,10.249880,11.988343,11.988343,11.988343,11.988343,0.009959,0.028380,0.022093,0.080155,calls/second,milliseconds
1780306495,9,448.089987,9.675903,8.577660,1.063260,10.249880,10.249880,11.988343,11.988343,11.988343,11.988343,0.009947,0.028380,0.022093,0.080155,calls/second,milliseconds
1780306496,9,448.089987,9.675903,8.577660,1.063260,10.249880,10.249880,11.988343,11.988343,11.988343,11.988343,0.009936,0.026111,0.021728,0.079711,calls/second,milliseconds
1780306497,9,448.089987,9.675903,8.577660,1.063260,10.249880,10.249880,11.988343,11.988343,11.988343,11.988343,0.009926,0.026111,0.021728,0.079711,calls/second,milliseconds
1780306498,9,448.089987,9.675903,8.577660,1.063260,10.249880,10.249880,11.988343,11.988343,11.988343,11.988343,0.009915,0.026111,0.021728,0.079711,calls/second,milliseconds
1780306499,9,448.089987,9.675903,8.577660,1.063260,10.249880,10.249880,11.988343,11.988343,11.988343,11.988343,0.009904,0.026111,0.021728,0.079711,calls/second,milliseconds
1780306500,9,448.089987,9.675903,8.577660,1.063260,10.249880,10.249880,11.988343,11.988343,11.988343,11.988343,0.009893,0.026111,0.021728,0.079711,calls/second,milliseconds
1780306501,9,448.089987,9.675903,8.577660,1.063260,10.249880,10.249880,11.988343,11.988343,11.988343,11.988343,0.009882,0.024023,0.021369,0.079269,calls/second,milliseconds
1780306502,9,448.089987,9.675903,8.577660,1.063260,10.249880,10.249880,11.988343,11.988343,11.988343,11.988343,0.009871,0.024023,0.021369,0.079269,calls/second,milliseconds
