t,count,max,mean,min,stddev,p50,p75,p95,p98,p99,p999,mean_rate,m1_rate,m5_rate,m15_rate,rate_unit,duration_unit
1779272957,5,518.091769,516.248916,514.271578,1.506481,516.084723,517.807135,518.091769,518.091769,518.091769,518.091769,96.761360,0.000000,0.000000,0.000000,calls/second,milliseconds
1779272958,5,518.091769,516.248916,514.271578,1.506481,516.084723,517.807135,518.091769,518.091769,518.091769,518.091769,4.730906,0.000000,0.000000,0.000000,calls/second,milliseconds
1779272959,5,518.091769,516.248916,514.271578,1.506481,516.084723,517.807135,518.091769,518.091769,518.091769,518.091769,2.426078,0.000000,0.000000,0.000000,calls/second,milliseconds
1779272960,5,518.091769,516.248916,514.271578,1.506481,516.084723,517.807135,518.091769,518.091769,518.091769,518.091769,1.631242,0.000000,0.000000,0.000000,calls/second,milliseconds
1779272961,5,518.091769,516.248916,514.271578,1.506481,516.084723,517.807135,518.091769,518.091769,518.091769,518.091769,1.228924,0.000000,0.000000,0.000000,calls/second,milliseconds
1779272962,5,518.091769,516.248916,514.271578,1.506481,516.084723,517.807135,518.091769,518.091769,518.091769,518.091769,0.985721,1.000000,1.000000,1.000000,calls/second,milliseconds
1779272963,5,518.091769,516.248916,514.271578,1.506481,516.084723,517.807135,518.091769,518.091769,518.091769,518.091769,0.822888,1.000000,1.000000,1.000000,calls/second,milliseconds
1779272964,5,518.091769,516.248916,514.271578,1.506481,516.084723,517.807135,518.091769,518.091769,518.091769,518.091769,0.706259,1.000000,1.000000,1.000000,calls/second,milliseconds
1779272965,5,518.091769,516.248916,514.271578,1.506481,516.084723,517.807135,518.091769,518.091769,518.091769,518.091769,0.618595,1.000000,1.000000,1.000000,calls/second,milliseconds
1779272966,5,518.091769,516.248916,514.271578,1.506481,516.084723,517.807135,518.091769,518.091769,518.091769,518.091769,0.550281,1.000000,1.000000,1.000000,calls/second,milliseconds
1779272967,5,518.091769,516.248916,514.271578,1.506481,516.084723,517.807135,518.091769,518.091769,518.091769,518.091769,0.495582,0.920044,0.983471,0.994460,calls/second,milliseconds
1779272968,5,518.091769,516.248916,514.271578,1.506481,516.084723,517.807135,518.091769,518.091769,518.091769,518.091769,0.450776,0.920044,0.983471,0.994460,calls/second,milliseconds
1779272969,5,518.091769,516.248916,514.271578,1.506481,516.084723,517.807135,518.091769,518.091769,518.091769,518.091769,0.413387,0.920044,0.983471,0.994460,calls/second,milliseconds
1779272970,5,518.091769,516.248916,514.271578,1.506481,516.084723,517.807135,518.091769,518.091769,518.091769,518.091769,0.381740,0.920044,0.983471,0.994460,calls/second,milliseconds
1779272971,5,518.091769,516.248916,514.271578,1.506481,516.084723,517.807135,518.091769,518.091769,518.091769,518.091769,0.354592,0.920044,0.983471,0.994460,calls/second,milliseconds
1779272972,5,518.091769,516.248916,514.271578,1.506481,516.084723,517.807135,518.091769,518.091769,518.091769,518.091769,0.331051,0.846482,0.967216,0.988950,calls/second,milliseconds
1779272973,5,518.091769,516.248916,514.271578,1.506481,516.084723,517.807135,518.091769,518.091769,518.091769,518.091769,0.310431,0.846482,0.967216,0.988950,calls/second,milliseconds
1779272974,5,518.091769,516.248916,514.271578,1.506481,516.084723,517.807135,518.091769,518.091769,518.091769,518.091769,0.292237,0.846482,0.967216,0.988950,calls/second,milliseconds
1779272975,5,518.091769,516.248916,514.271578,1.506481,516.084723,517.807135,518.091769,518.091769,518.091769,518.091769,0.276044,0.846482,0.967216,0.988950,calls/second,milliseconds
1779272976,5,518.091769,516.248916,514.271578,1.506481,516.084723,517.807135,518.091769,518.091769,518.091769,518.091769,0.261563,0.846482,0.967216,0.988950,calls/second,milliseconds
1779272977,5,518.091769,516.248916,514.271578,1.506481,516.084723,517.807135,518.091769,518.091769,518.091769,518.091769,0.248528,0.778801,0.951229,0.983471,calls/second,milliseconds
1779272978,5,518.091769,516.248916,514.271578,1.506481,516.084723,517.807135,518.091769,518.091769,518.091769,518.091769,0.236734,0.778801,0.951229,0.983471,calls/second,milliseconds
1779272979,5,518.091769,516.248916,514.271578,1.506481,516.084723,517.807135,518.091769,518.091769,518.091769,518.091769,0.226002,0.778801,0.951229,0.983471,calls/second,milliseconds
1779272980,5,518.091769,516.248916,514.271578,1.506481,516.084723,517.807135,518.091769,518.091769,518.091769,518.091769,0.216206,0.778801,0.951229,0.983471,calls/second,milliseconds
1779272981,5,518.091769,516.248916,514.271578,1.506481,516.084723,517.807135,518.091769,518.091769,518.091769,518.091769,0.207226,0.778801,0.951229,0.983471,calls/second,milliseconds
1779272982,5,518.091769,516.248916,514.271578,1.506481,516.084723,517.807135,518.091769,518.091769,518.091769,518.091769,0.198959,0.716531,0.935507,0.978023,calls/second,milliseconds
1779272983,5,518.091769,516.248916,514.271578,1.506481,516.084723,517.807135,518.091769,518.091769,518.091769,518.091769,0.191324,0.716531,0.935507,0.978023,calls/second,milliseconds
1779272984,5,518.091769,516.248916,514.271578,1.506481,516.084723,517.807135,518.091769,518.091769,518.091769,518.091769,0.184257,0.716531,0.935507,0.978023,calls/second,milliseconds
1779272985,5,518.091769,516.248916,514.271578,1.506481,516.084723,517.807135,518.091769,518.091769,518.091769,518.091769,0.177692,0.716531,0.935507,0.978023,calls/second,milliseconds
1779272986,5,518.091769,516.248916,514.271578,1.506481,516.084723,517.807135,518.091769,518.091769,518.091769,518.091769,0.171578,0.716531,0.935507,0.978023,calls/second,milliseconds
1779272987,5,518.091769,516.248916,514.271578,1.506481,516.084723,517.807135,518.091769,518.091769,518.091769,518.091769,0.165872,0.659241,0.920044,0.972604,calls/second,milliseconds
1779272988,5,518.091769,516.248916,514.271578,1.506481,516.084723,517.807135,518.091769,518.091769,518.091769,518.091769,0.160533,0.659241,0.920044,0.972604,calls/second,milliseconds
1779272989,5,518.091769,516.248916,514.271578,1.506481,516.084723,517.807135,518.091769,518.091769,518.091769,518.091769,0.155528,0.659241,0.920044,0.972604,calls/second,milliseconds
1779272990,5,518.091769,516.248916,514.271578,1.506481,516.084723,517.807135,518.091769,518.091769,518.091769,518.091769,0.150826,0.659241,0.920044,0.972604,calls/second,milliseconds
1779272991,5,518.091769,516.248916,514.271578,1.506481,516.084723,517.807135,518.091769,518.091769,518.091769,518.091769,0.146398,0.659241,0.920044,0.972604,calls/second,milliseconds
1779272992,5,518.091769,516.248916,514.271578,1.506481,516.084723,517.807135,518.091769,518.091769,518.091769,518.091769,0.142225,0.606531,0.904837,0.967216,calls/second,milliseconds
1779272993,5,518.091769,516.248916,514.271578,1.506481,516.084723,517.807135,518.091769,518.091769,518.091769,518.091769,0.138281,0.606531,0.904837,0.967216,calls/second,milliseconds
1779272994,5,518.091769,516.248916,514.271578,1.506481,516.084723,517.807135,518.091769,518.091769,518.091769,518.091769,0.134553,0.606531,0.904837,0.967216,calls/second,milliseconds
1779272995,5,518.091769,516.248916,514.271578,1.506481,516.084723,517.807135,518.091769,518.091769,518.091769,518.091769,0.131020,0.606531,0.904837,0.967216,calls/second,milliseconds
1779272996,5,518.091769,516.248916,514.271578,1.506481,516.084723,517.807135,518.091769,518.091769,518.091769,518.091769,0.127667,0.606531,0.904837,0.967216,calls/second,milliseconds
1779272997,5,518.091769,516.248916,514.271578,1.506481,516.084723,517.807135,518.091769,518.091769,518.091769,518.091769,0.124482,0.558035,0.889882,0.961858,calls/second,milliseconds
1779272998,5,518.091769,516.248916,514.271578,1.506481,516.084723,517.807135,518.091769,518.091769,518.091769,518.091769,0.121451,0.558035,0.889882,0.961858,calls/second,milliseconds
1779272999,5,518.091769,516.248916,514.271578,1.506481,516.084723,517.807135,518.091769,518.091769,518.091769,518.091769,0.118565,0.558035,0.889882,0.961858,calls/second,milliseconds
1779273000,5,518.091769,516.248916,514.271578,1.506481,516.084723,517.807135,518.091769,518.091769,518.091769,518.091769,0.115814,0.558035,0.889882,0.961858,calls/second,milliseconds
1779273001,10,518.091769,189.160807,17.138088,235.161279,22.153064,514.989374,518.091769,518.091769,518.091769,518.091769,0.226373,0.558035,0.889882,0.961858,calls/second,milliseconds
1779273002,10,518.091769,189.160807,17.138088,235.161279,22.153064,514.989374,518.091769,518.091769,518.091769,518.091769,0.221353,0.593373,0.891702,0.962069,calls/second,milliseconds
1779273003,10,518.091769,189.160807,17.138088,235.161279,22.153064,514.989374,518.091769,518.091769,518.091769,518.091769,0.216549,0.593373,0.891702,0.962069,calls/second,milliseconds
1779273004,10,518.091769,189.160807,17.138088,235.161279,22.153064,514.989374,518.091769,518.091769,518.091769,518.091769,0.211949,0.593373,0.891702,0.962069,calls/second,milliseconds
1779273005,10,518.091769,189.160807,17.138088,235.161279,22.153064,514.989374,518.091769,518.091769,518.091769,518.091769,0.207540,0.593373,0.891702,0.962069,calls/second,milliseconds
1779273006,10,518.091769,189.160807,17.138088,235.161279,22.153064,514.989374,518.091769,518.091769,518.091769,518.091769,0.203311,0.593373,0.891702,0.962069,calls/second,milliseconds
1779273007,10,518.091769,189.160807,17.138088,235.161279,22.153064,514.989374,518.091769,518.091769,518.091769,518.091769,0.199252,0.545929,0.876963,0.956739,calls/second,milliseconds
1779273008,10,518.091769,189.160807,17.138088,235.161279,22.153064,514.989374,518.091769,518.091769,518.091769,518.091769,0.195351,0.545929,0.876963,0.956739,calls/second,milliseconds
1779273009,10,518.091769,189.160807,17.138088,235.161279,22.153064,514.989374,518.091769,518.091769,518.091769,518.091769,0.191600,0.545929,0.876963,0.956739,calls/second,milliseconds
1779273010,10,518.091769,189.160807,17.138088,235.161279,22.153064,514.989374,518.091769,518.091769,518.091769,518.091769,0.187990,0.545929,0.876963,0.956739,calls/second,milliseconds
1779273011,15,518.091769,111.055412,8.548593,198.191041,17.138088,22.174236,517.807135,518.091769,518.091769,518.091769,0.276771,0.545929,0.876963,0.956739,calls/second,milliseconds
1779273012,15,518.091769,111.055412,8.548593,198.191041,17.138088,22.174236,517.807135,518.091769,518.091769,518.091769,0.271747,0.582235,0.878997,0.956979,calls/second,milliseconds
1779273013,15,518.091769,111.055412,8.548593,198.191041,17.138088,22.174236,517.807135,518.091769,518.091769,518.091769,0.266900,0.582235,0.878997,0.956979,calls/second,milliseconds
1779273014,15,518.091769,111.055412,8.548593,198.191041,17.138088,22.174236,517.807135,518.091769,518.091769,518.091769,0.262226,0.582235,0.878997,0.956979,calls/second,milliseconds
1779273015,15,518.091769,111.055412,8.548593,198.191041,17.138088,22.174236,517.807135,518.091769,518.091769,518.091769,0.257712,0.582235,0.878997,0.956979,calls/second,milliseconds
1779273016,15,518.091769,111.055412,8.548593,198.191041,17.138088,22.174236,517.807135,518.091769,518.091769,518.091769,0.253351,0.582235,0.878997,0.956979,calls/second,milliseconds
1779273017,15,518.091769,111.055412,8.548593,198.191041,17.138088,22.174236,517.807135,518.091769,518.091769,518.091769,0.249135,0.535682,0.864468,0.951677,calls/second,milliseconds
1779273018,15,518.091769,111.055412,8.548593,198.191041,17.138088,22.174236,517.807135,518.091769,518.091769,518.091769,0.245055,0.535682,0.864468,0.951677,calls/second,milliseconds
1779273019,15,518.091769,111.055412,8.548593,198.191041,17.138088,22.174236,517.807135,518.091769,518.091769,518.091769,0.241108,0.535682,0.864468,0.951677,calls/second,milliseconds
1779273020,15,518.091769,111.055412,8.548593,198.191041,17.138088,22.174236,517.807135,518.091769,518.091769,518.091769,0.237287,0.535682,0.864468,0.951677,calls/second,milliseconds
1779273021,15,518.091769,111.055412,8.548593,198.191041,17.138088,22.174236,517.807135,518.091769,518.091769,518.091769,0.233584,0.535682,0.864468,0.951677,calls/second,milliseconds
1779273022,15,518.091769,111.055412,8.548593,198.191041,17.138088,22.174236,517.807135,518.091769,518.091769,518.091769,0.229997,0.492851,0.850180,0.946404,calls/second,milliseconds
1779273023,15,518.091769,111.055412,8.548593,198.191041,17.138088,22.174236,517.807135,518.091769,518.091769,518.091769,0.226517,0.492851,0.850180,0.946404,calls/second,milliseconds
1779273024,15,518.091769,111.055412,8.548593,198.191041,17.138088,22.174236,517.807135,518.091769,518.091769,518.091769,0.223139,0.492851,0.850180,0.946404,calls/second,milliseconds
1779273025,15,518.091769,111.055412,8.548593,198.191041,17.138088,22.174236,517.807135,518.091769,518.091769,518.091769,0.219863,0.492851,0.850180,0.946404,calls/second,milliseconds
1779273026,15,518.091769,111.055412,8.548593,198.191041,17.138088,22.174236,517.807135,518.091769,518.091769,518.091769,0.216680,0.492851,0.850180,0.946404,calls/second,milliseconds
1779273027,15,518.091769,111.055412,8.548593,198.191041,17.138088,22.174236,517.807135,518.091769,518.091769,518.091769,0.213587,0.453445,0.836128,0.941161,calls/second,milliseconds
1779273029,15,518.091769,111.055412,8.548593,198.191041,17.138088,22.174236,517.807135,518.091769,518.091769,518.091769,0.210583,0.453445,0.836128,0.941161,calls/second,milliseconds
1779273030,15,518.091769,111.055412,8.548593,198.191041,17.138088,22.174236,517.807135,518.091769,518.091769,518.091769,0.207662,0.453445,0.836128,0.941161,calls/second,milliseconds
1779273031,15,518.091769,111.055412,8.548593,198.191041,17.138088,22.174236,517.807135,518.091769,518.091769,518.091769,0.204822,0.453445,0.836128,0.941161,calls/second,milliseconds
1779273032,15,518.091769,111.055412,8.548593,198.191041,17.138088,22.174236,517.807135,518.091769,518.091769,518.091769,0.202057,0.453445,0.836128,0.941161,calls/second,milliseconds
1779273033,15,518.091769,111.055412,8.548593,198.191041,17.138088,22.174236,517.807135,518.091769,518.091769,518.091769,0.199367,0.417189,0.822308,0.935947,calls/second,milliseconds
1779273034,15,518.091769,111.055412,8.548593,198.191041,17.138088,22.174236,517.807135,518.091769,518.091769,518.091769,0.196747,0.417189,0.822308,0.935947,calls/second,milliseconds
1779273035,15,518.091769,111.055412,8.548593,198.191041,17.138088,22.174236,517.807135,518.091769,518.091769,518.091769,0.194196,0.417189,0.822308,0.935947,calls/second,milliseconds
1779273036,15,518.091769,111.055412,8.548593,198.191041,17.138088,22.174236,517.807135,518.091769,518.091769,518.091769,0.191711,0.417189,0.822308,0.935947,calls/second,milliseconds
1779273037,15,518.091769,111.055412,8.548593,198.191041,17.138088,22.174236,517.807135,518.091769,518.091769,518.091769,0.189287,0.417189,0.822308,0.935947,calls/second,milliseconds
1779273038,15,518.091769,111.055412,8.548593,198.191041,17.138088,22.174236,517.807135,518.091769,518.091769,518.091769,0.186924,0.383833,0.808716,0.930762,calls/second,milliseconds
1779273039,20,518.091769,71.166434,8.548593,162.013489,9.915593,21.918754,516.084723,518.091769,518.091769,518.091769,0.246158,0.383833,0.808716,0.930762,calls/second,milliseconds
1779273040,20,518.091769,71.166434,8.548593,162.013489,9.915593,21.918754,516.084723,518.091769,518.091769,518.091769,0.243158,0.383833,0.808716,0.930762,calls/second,milliseconds
1779273041,20,518.091769,71.166434,8.548593,162.013489,9.915593,21.918754,516.084723,518.091769,518.091769,518.091769,0.240233,0.383833,0.808716,0.930762,calls/second,milliseconds
1779273042,20,518.091769,71.166434,8.548593,162.013489,9.915593,21.918754,516.084723,518.091769,518.091769,518.091769,0.237376,0.383833,0.808716,0.930762,calls/second,milliseconds
1779273043,20,518.091769,71.166434,8.548593,162.013489,9.915593,21.918754,516.084723,518.091769,518.091769,518.091769,0.234588,0.433099,0.811878,0.931145,calls/second,milliseconds
1779273044,20,518.091769,71.166434,8.548593,162.013489,9.915593,21.918754,516.084723,518.091769,518.091769,518.091769,0.231861,0.433099,0.811878,0.931145,calls/second,milliseconds
1779273045,20,518.091769,71.166434,8.548593,162.013489,9.915593,21.918754,516.084723,518.091769,518.091769,518.091769,0.229199,0.433099,0.811878,0.931145,calls/second,milliseconds
1779273046,20,518.091769,71.166434,8.548593,162.013489,9.915593,21.918754,516.084723,518.091769,518.091769,518.091769,0.226596,0.433099,0.811878,0.931145,calls/second,milliseconds
1779273047,20,518.091769,71.166434,8.548593,162.013489,9.915593,21.918754,516.084723,518.091769,518.091769,518.091769,0.224053,0.433099,0.811878,0.931145,calls/second,milliseconds
1779273048,20,518.091769,71.166434,8.548593,162.013489,9.915593,21.918754,516.084723,518.091769,518.091769,518.091769,0.221566,0.398470,0.798459,0.925987,calls/second,milliseconds
1779273049,25,518.091769,50.498396,4.656358,137.618097,9.602130,9.975637,514.989374,517.807135,518.091769,518.091769,0.273917,0.398470,0.798459,0.925987,calls/second,milliseconds
1779273050,25,518.091769,50.498396,4.656358,137.618097,9.602130,9.975637,514.989374,517.807135,518.091769,518.091769,0.270943,0.398470,0.798459,0.925987,calls/second,milliseconds
1779273051,25,518.091769,50.498396,4.656358,137.618097,9.602130,9.975637,514.989374,517.807135,518.091769,518.091769,0.268034,0.398470,0.798459,0.925987,calls/second,milliseconds
1779273052,25,518.091769,50.498396,4.656358,137.618097,9.602130,9.975637,514.989374,517.807135,518.091769,518.091769,0.265184,0.398470,0.798459,0.925987,calls/second,milliseconds
1779273053,25,518.091769,50.498396,4.656358,137.618097,9.602130,9.975637,514.989374,517.807135,518.091769,518.091769,0.262396,0.446566,0.801790,0.926397,calls/second,milliseconds
1779273054,25,518.091769,50.498396,4.656358,137.618097,9.602130,9.975637,514.989374,517.807135,518.091769,518.091769,0.259667,0.446566,0.801790,0.926397,calls/second,milliseconds
1779273055,25,518.091769,50.498396,4.656358,137.618097,9.602130,9.975637,514.989374,517.807135,518.091769,518.091769,0.256992,0.446566,0.801790,0.926397,calls/second,milliseconds
1779273056,25,518.091769,50.498396,4.656358,137.618097,9.602130,9.975637,514.989374,517.807135,518.091769,518.091769,0.254373,0.446566,0.801790,0.926397,calls/second,milliseconds
1779273057,25,518.091769,50.498396,4.656358,137.618097,9.602130,9.975637,514.989374,517.807135,518.091769,518.091769,0.251807,0.446566,0.801790,0.926397,calls/second,milliseconds
1779273058,25,518.091769,50.498396,4.656358,137.618097,9.602130,9.975637,514.989374,517.807135,518.091769,518.091769,0.249292,0.410860,0.788537,0.921264,calls/second,milliseconds
1779273059,25,518.091769,50.498396,4.656358,137.618097,9.602130,9.975637,514.989374,517.807135,518.091769,518.091769,0.246824,0.410860,0.788537,0.921264,calls/second,milliseconds
1779273060,25,518.091769,50.498396,4.656358,137.618097,9.602130,9.975637,514.989374,517.807135,518.091769,518.091769,0.244407,0.410860,0.788537,0.921264,calls/second,milliseconds
1779273061,25,518.091769,50.498396,4.656358,137.618097,9.602130,9.975637,514.989374,517.807135,518.091769,518.091769,0.242036,0.410860,0.788537,0.921264,calls/second,milliseconds
1779273062,25,518.091769,50.498396,4.656358,137.618097,9.602130,9.975637,514.989374,517.807135,518.091769,518.091769,0.239711,0.410860,0.788537,0.921264,calls/second,milliseconds
1779273063,25,518.091769,50.498396,4.656358,137.618097,9.602130,9.975637,514.989374,517.807135,518.091769,518.091769,0.237431,0.378010,0.775504,0.916160,calls/second,milliseconds
1779273064,25,518.091769,50.498396,4.656358,137.618097,9.602130,9.975637,514.989374,517.807135,518.091769,518.091769,0.235193,0.378010,0.775504,0.916160,calls/second,milliseconds
1779273065,25,518.091769,50.498396,4.656358,137.618097,9.602130,9.975637,514.989374,517.807135,518.091769,518.091769,0.232997,0.378010,0.775504,0.916160,calls/second,milliseconds
1779273066,25,518.091769,50.498396,4.656358,137.618097,9.602130,9.975637,514.989374,517.807135,518.091769,518.091769,0.230843,0.378010,0.775504,0.916160,calls/second,milliseconds
1779273067,25,518.091769,50.498396,4.656358,137.618097,9.602130,9.975637,514.989374,517.807135,518.091769,518.091769,0.228726,0.378010,0.775504,0.916160,calls/second,milliseconds
1779273068,25,518.091769,50.498396,4.656358,137.618097,9.602130,9.975637,514.989374,517.807135,518.091769,518.091769,0.226649,0.347786,0.762686,0.911085,calls/second,milliseconds
1779273069,25,518.091769,50.498396,4.656358,137.618097,9.602130,9.975637,514.989374,517.807135,518.091769,518.091769,0.224608,0.347786,0.762686,0.911085,calls/second,milliseconds
1779273070,25,518.091769,50.498396,4.656358,137.618097,9.602130,9.975637,514.989374,517.807135,518.091769,518.091769,0.222605,0.347786,0.762686,0.911085,calls/second,milliseconds
1779273071,30,518.091769,36.486211,4.319822,116.749482,7.765477,9.857207,514.271578,517.807135,518.091769,518.091769,0.264764,0.347786,0.762686,0.911085,calls/second,milliseconds
1779273072,30,518.091769,36.486211,4.319822,116.749482,7.765477,9.857207,514.271578,517.807135,518.091769,518.091769,0.262444,0.347786,0.762686,0.911085,calls/second,milliseconds
1779273073,30,518.091769,36.486211,4.319822,116.749482,7.765477,9.857207,514.271578,517.807135,518.091769,518.091769,0.260165,0.399934,0.766609,0.911577,calls/second,milliseconds
1779273074,30,518.091769,36.486211,4.319822,116.749482,7.765477,9.857207,514.271578,517.807135,518.091769,518.091769,0.257923,0.399934,0.766609,0.911577,calls/second,milliseconds
1779273075,30,518.091769,36.486211,4.319822,116.749482,7.765477,9.857207,514.271578,517.807135,518.091769,518.091769,0.255720,0.399934,0.766609,0.911577,calls/second,milliseconds
1779273076,30,518.091769,36.486211,4.319822,116.749482,7.765477,9.857207,514.271578,517.807135,518.091769,518.091769,0.253555,0.399934,0.766609,0.911577,calls/second,milliseconds
1779273077,30,518.091769,36.486211,4.319822,116.749482,7.765477,9.857207,514.271578,517.807135,518.091769,518.091769,0.251427,0.399934,0.766609,0.911577,calls/second,milliseconds
1779273078,30,518.091769,36.486211,4.319822,116.749482,7.765477,9.857207,514.271578,517.807135,518.091769,518.091769,0.249333,0.367957,0.753938,0.906527,calls/second,milliseconds
1779273079,30,518.091769,36.486211,4.319822,116.749482,7.765477,9.857207,514.271578,517.807135,518.091769,518.091769,0.247275,0.367957,0.753938,0.906527,calls/second,milliseconds
1779273080,35,518.091769,28.161452,4.319822,101.335026,4.775126,9.791908,22.174236,516.084723,517.807135,518.091769,0.286125,0.367957,0.753938,0.906527,calls/second,milliseconds
1779273081,35,518.091769,28.161452,4.319822,101.335026,4.775126,9.791908,22.174236,516.084723,517.807135,518.091769,0.283801,0.367957,0.753938,0.906527,calls/second,milliseconds
1779273082,35,518.091769,28.161452,4.319822,101.335026,4.775126,9.791908,22.174236,516.084723,517.807135,518.091769,0.281512,0.367957,0.753938,0.906527,calls/second,milliseconds
1779273083,35,518.091769,28.161452,4.319822,101.335026,4.775126,9.791908,22.174236,516.084723,517.807135,518.091769,0.279262,0.418492,0.758005,0.907045,calls/second,milliseconds
1779273084,35,518.091769,28.161452,4.319822,101.335026,4.775126,9.791908,22.174236,516.084723,517.807135,518.091769,0.277048,0.418492,0.758005,0.907045,calls/second,milliseconds
1779273085,35,518.091769,28.161452,4.319822,101.335026,4.775126,9.791908,22.174236,516.084723,517.807135,518.091769,0.274868,0.418492,0.758005,0.907045,calls/second,milliseconds
1779273086,35,518.091769,28.161452,4.319822,101.335026,4.775126,9.791908,22.174236,516.084723,517.807135,518.091769,0.272723,0.418492,0.758005,0.907045,calls/second,milliseconds
1779273087,35,518.091769,28.161452,4.319822,101.335026,4.775126,9.791908,22.174236,516.084723,517.807135,518.091769,0.270611,0.418492,0.758005,0.907045,calls/second,milliseconds
1779273088,40,518.091769,23.134932,4.319822,89.713809,4.749436,8.583838,22.153064,514.989374,517.807135,518.091769,0.306892,0.464987,0.762005,0.907560,calls/second,milliseconds
1779273089,40,518.091769,23.134932,4.319822,89.713809,4.749436,8.583838,22.153064,514.989374,517.807135,518.091769,0.304549,0.464987,0.762005,0.907560,calls/second,milliseconds
1779273090,40,518.091769,23.134932,4.319822,89.713809,4.749436,8.583838,22.153064,514.989374,517.807135,518.091769,0.302244,0.464987,0.762005,0.907560,calls/second,milliseconds
1779273091,40,518.091769,23.134932,4.319822,89.713809,4.749436,8.583838,22.153064,514.989374,517.807135,518.091769,0.299974,0.464987,0.762005,0.907560,calls/second,milliseconds
1779273092,40,518.091769,23.134932,4.319822,89.713809,4.749436,8.583838,22.153064,514.989374,517.807135,518.091769,0.297738,0.464987,0.762005,0.907560,calls/second,milliseconds
1779273093,40,518.091769,23.134932,4.319822,89.713809,4.749436,8.583838,22.153064,514.989374,517.807135,518.091769,0.295534,0.427809,0.749410,0.902532,calls/second,milliseconds
1779273094,40,518.091769,23.134932,4.319822,89.713809,4.749436,8.583838,22.153064,514.989374,517.807135,518.091769,0.293362,0.427809,0.749410,0.902532,calls/second,milliseconds
1779273095,40,518.091769,23.134932,4.319822,89.713809,4.749436,8.583838,22.153064,514.989374,517.807135,518.091769,0.291223,0.427809,0.749410,0.902532,calls/second,milliseconds
1779273096,40,518.091769,23.134932,4.319822,89.713809,4.749436,8.583838,22.153064,514.989374,517.807135,518.091769,0.289115,0.427809,0.749410,0.902532,calls/second,milliseconds
1779273097,45,518.091769,19.144533,3.385339,80.269391,4.531323,7.866947,21.918754,514.989374,517.807135,518.091769,0.322917,0.427809,0.749410,0.902532,calls/second,milliseconds
1779273098,45,518.091769,19.144533,3.385339,80.269391,4.531323,7.866947,21.918754,514.989374,517.807135,518.091769,0.320613,0.473559,0.753552,0.903072,calls/second,milliseconds
1779273099,45,518.091769,19.144533,3.385339,80.269391,4.531323,7.866947,21.918754,514.989374,517.807135,518.091769,0.318340,0.473559,0.753552,0.903072,calls/second,milliseconds
1779273100,45,518.091769,19.144533,3.385339,80.269391,4.531323,7.866947,21.918754,514.989374,517.807135,518.091769,0.316101,0.473559,0.753552,0.903072,calls/second,milliseconds
1779273101,45,518.091769,19.144533,3.385339,80.269391,4.531323,7.866947,21.918754,514.989374,517.807135,518.091769,0.313892,0.473559,0.753552,0.903072,calls/second,milliseconds
1779273102,45,518.091769,19.144533,3.385339,80.269391,4.531323,7.866947,21.918754,514.989374,517.807135,518.091769,0.311715,0.473559,0.753552,0.903072,calls/second,milliseconds
1779273103,45,518.091769,19.144533,3.385339,80.269391,4.531323,7.866947,21.918754,514.989374,517.807135,518.091769,0.309568,0.435695,0.741097,0.898069,calls/second,milliseconds
1779273104,45,518.091769,19.144533,3.385339,80.269391,4.531323,7.866947,21.918754,514.989374,517.807135,518.091769,0.307430,0.435695,0.741097,0.898069,calls/second,milliseconds
1779273105,45,518.091769,19.144533,3.385339,80.269391,4.531323,7.866947,21.918754,514.989374,517.807135,518.091769,0.305340,0.435695,0.741097,0.898069,calls/second,milliseconds
1779273106,45,518.091769,19.144533,3.385339,80.269391,4.531323,7.866947,21.918754,514.989374,517.807135,518.091769,0.303279,0.435695,0.741097,0.898069,calls/second,milliseconds
1779273107,45,518.091769,19.144533,3.385339,80.269391,4.531323,7.866947,21.918754,514.989374,517.807135,518.091769,0.301246,0.435695,0.741097,0.898069,calls/second,milliseconds
1779273108,45,518.091769,19.144533,3.385339,80.269391,4.531323,7.866947,21.918754,514.989374,517.807135,518.091769,0.299240,0.400859,0.728847,0.893093,calls/second,milliseconds
1779273109,45,518.091769,19.144533,3.385339,80.269391,4.531323,7.866947,21.918754,514.989374,517.807135,518.091769,0.297261,0.400859,0.728847,0.893093,calls/second,milliseconds
1779273110,50,518.091769,16.176604,3.385339,72.102403,4.451552,5.731285,17.140262,514.271578,516.084723,518.091769,0.328119,0.400859,0.728847,0.893093,calls/second,milliseconds
1779273111,50,518.091769,16.176604,3.385339,72.102403,4.451552,5.731285,17.140262,514.271578,516.084723,518.091769,0.325977,0.400859,0.728847,0.893093,calls/second,milliseconds
1779273112,50,518.091769,16.176604,3.385339,72.102403,4.451552,5.731285,17.140262,514.271578,516.084723,518.091769,0.323862,0.400859,0.728847,0.893093,calls/second,milliseconds
1779273113,50,518.091769,16.176604,3.385339,72.102403,4.451552,5.731285,17.140262,514.271578,516.084723,518.091769,0.321774,0.448763,0.733329,0.893685,calls/second,milliseconds
1779273114,50,518.091769,16.176604,3.385339,72.102403,4.451552,5.731285,17.140262,514.271578,516.084723,518.091769,0.319713,0.448763,0.733329,0.893685,calls/second,milliseconds
1779273115,50,518.091769,16.176604,3.385339,72.102403,4.451552,5.731285,17.140262,514.271578,516.084723,518.091769,0.317677,0.448763,0.733329,0.893685,calls/second,milliseconds
1779273116,50,518.091769,16.176604,3.385339,72.102403,4.451552,5.731285,17.140262,514.271578,516.084723,518.091769,0.315669,0.448763,0.733329,0.893685,calls/second,milliseconds
1779273117,50,518.091769,16.176604,3.385339,72.102403,4.451552,5.731285,17.140262,514.271578,516.084723,518.091769,0.313685,0.448763,0.733329,0.893685,calls/second,milliseconds
1779273118,50,518.091769,16.176604,3.385339,72.102403,4.451552,5.731285,17.140262,514.271578,516.084723,518.091769,0.311725,0.412882,0.721208,0.888734,calls/second,milliseconds
1779273119,55,518.091769,13.774962,3.310463,65.183366,4.422202,4.786939,9.975637,22.174236,514.989374,518.091769,0.340770,0.412882,0.721208,0.888734,calls/second,milliseconds
1779273120,55,518.091769,13.774962,3.310463,65.183366,4.422202,4.786939,9.975637,22.174236,514.989374,518.091769,0.338668,0.412882,0.721208,0.888734,calls/second,milliseconds
1779273121,55,518.091769,13.774962,3.310463,65.183366,4.422202,4.786939,9.975637,22.174236,514.989374,518.091769,0.336593,0.412882,0.721208,0.888734,calls/second,milliseconds
1779273122,55,518.091769,13.774962,3.310463,65.183366,4.422202,4.786939,9.975637,22.174236,514.989374,518.091769,0.334542,0.412882,0.721208,0.888734,calls/second,milliseconds
1779273123,55,518.091769,13.774962,3.310463,65.183366,4.422202,4.786939,9.975637,22.174236,514.989374,518.091769,0.332516,0.459826,0.725816,0.889351,calls/second,milliseconds
1779273124,55,518.091769,13.774962,3.310463,65.183366,4.422202,4.786939,9.975637,22.174236,514.989374,518.091769,0.330513,0.459826,0.725816,0.889351,calls/second,milliseconds
1779273125,55,518.091769,13.774962,3.310463,65.183366,4.422202,4.786939,9.975637,22.174236,514.989374,518.091769,0.328536,0.459826,0.725816,0.889351,calls/second,milliseconds
1779273126,55,518.091769,13.774962,3.310463,65.183366,4.422202,4.786939,9.975637,22.174236,514.989374,518.091769,0.326582,0.459826,0.725816,0.889351,calls/second,milliseconds
1779273127,55,518.091769,13.774962,3.310463,65.183366,4.422202,4.786939,9.975637,22.174236,514.989374,518.091769,0.324650,0.459826,0.725816,0.889351,calls/second,milliseconds
1779273128,55,518.091769,13.774962,3.310463,65.183366,4.422202,4.786939,9.975637,22.174236,514.989374,518.091769,0.322742,0.423060,0.713819,0.884424,calls/second,milliseconds
1779273129,55,518.091769,13.774962,3.310463,65.183366,4.422202,4.786939,9.975637,22.174236,514.989374,518.091769,0.320857,0.423060,0.713819,0.884424,calls/second,milliseconds
1779273130,55,518.091769,13.774962,3.310463,65.183366,4.422202,4.786939,9.975637,22.174236,514.989374,518.091769,0.318992,0.423060,0.713819,0.884424,calls/second,milliseconds
1779273131,55,518.091769,13.774962,3.310463,65.183366,4.422202,4.786939,9.975637,22.174236,514.989374,518.091769,0.317150,0.423060,0.713819,0.884424,calls/second,milliseconds
1779273132,55,518.091769,13.774962,3.310463,65.183366,4.422202,4.786939,9.975637,22.174236,514.989374,518.091769,0.315328,0.423060,0.713819,0.884424,calls/second,milliseconds
1779273133,55,518.091769,13.774962,3.310463,65.183366,4.422202,4.786939,9.975637,22.174236,514.989374,518.091769,0.313528,0.389234,0.702021,0.879524,calls/second,milliseconds
1779273134,55,518.091769,13.774962,3.310463,65.183366,4.422202,4.786939,9.975637,22.174236,514.989374,518.091769,0.311747,0.389234,0.702021,0.879524,calls/second,milliseconds
1779273135,55,518.091769,13.774962,3.310463,65.183366,4.422202,4.786939,9.975637,22.174236,514.989374,518.091769,0.309987,0.389234,0.702021,0.879524,calls/second,milliseconds
1779273136,55,518.091769,13.774962,3.310463,65.183366,4.422202,4.786939,9.975637,22.174236,514.989374,518.091769,0.308247,0.389234,0.702021,0.879524,calls/second,milliseconds
1779273137,55,518.091769,13.774962,3.310463,65.183366,4.422202,4.786939,9.975637,22.174236,514.989374,518.091769,0.306526,0.389234,0.702021,0.879524,calls/second,milliseconds
1779273138,55,518.091769,13.774962,3.310463,65.183366,4.422202,4.786939,9.975637,22.174236,514.989374,518.091769,0.304825,0.358113,0.690418,0.874651,calls/second,milliseconds
1779273139,55,518.091769,13.774962,3.310463,65.183366,4.422202,4.786939,9.975637,22.174236,514.989374,518.091769,0.303142,0.358113,0.690418,0.874651,calls/second,milliseconds
1779273140,55,518.091769,13.774962,3.310463,65.183366,4.422202,4.786939,9.975637,22.174236,514.989374,518.091769,0.301477,0.358113,0.690418,0.874651,calls/second,milliseconds
1779273141,55,518.091769,13.774962,3.310463,65.183366,4.422202,4.786939,9.975637,22.174236,514.989374,518.091769,0.299831,0.358113,0.690418,0.874651,calls/second,milliseconds
1779273142,55,518.091769,13.774962,3.310463,65.183366,4.422202,4.786939,9.975637,22.174236,514.989374,518.091769,0.298202,0.358113,0.690418,0.874651,calls/second,milliseconds
1779273143,55,518.091769,13.774962,3.310463,65.183366,4.422202,4.786939,9.975637,22.174236,514.989374,518.091769,0.296592,0.329479,0.679006,0.869805,calls/second,milliseconds
1779273144,55,518.091769,13.774962,3.310463,65.183366,4.422202,4.786939,9.975637,22.174236,514.989374,518.091769,0.294998,0.329479,0.679006,0.869805,calls/second,milliseconds
1779273145,55,518.091769,13.774962,3.310463,65.183366,4.422202,4.786939,9.975637,22.174236,514.989374,518.091769,0.293422,0.329479,0.679006,0.869805,calls/second,milliseconds
1779273146,55,518.091769,13.774962,3.310463,65.183366,4.422202,4.786939,9.975637,22.174236,514.989374,518.091769,0.291863,0.329479,0.679006,0.869805,calls/second,milliseconds
1779273147,55,518.091769,13.774962,3.310463,65.183366,4.422202,4.786939,9.975637,22.174236,514.989374,518.091769,0.290319,0.329479,0.679006,0.869805,calls/second,milliseconds
1779273148,55,518.091769,13.774962,3.310463,65.183366,4.422202,4.786939,9.975637,22.174236,514.989374,518.091769,0.288792,0.303136,0.667783,0.864986,calls/second,milliseconds
1779273149,55,518.091769,13.774962,3.310463,65.183366,4.422202,4.786939,9.975637,22.174236,514.989374,518.091769,0.287281,0.303136,0.667783,0.864986,calls/second,milliseconds
1779273150,55,518.091769,13.774962,3.310463,65.183366,4.422202,4.786939,9.975637,22.174236,514.989374,518.091769,0.285785,0.303136,0.667783,0.864986,calls/second,milliseconds
1779273151,55,518.091769,13.774962,3.310463,65.183366,4.422202,4.786939,9.975637,22.174236,514.989374,518.091769,0.284305,0.303136,0.667783,0.864986,calls/second,milliseconds
1779273152,55,518.091769,13.774962,3.310463,65.183366,4.422202,4.786939,9.975637,22.174236,514.989374,518.091769,0.282841,0.303136,0.667783,0.864986,calls/second,milliseconds
1779273153,55,518.091769,13.774962,3.310463,65.183366,4.422202,4.786939,9.975637,22.174236,514.989374,518.091769,0.281392,0.278898,0.656746,0.860194,calls/second,milliseconds
1779273154,55,518.091769,13.774962,3.310463,65.183366,4.422202,4.786939,9.975637,22.174236,514.989374,518.091769,0.279957,0.278898,0.656746,0.860194,calls/second,milliseconds
1779273155,55,518.091769,13.774962,3.310463,65.183366,4.422202,4.786939,9.975637,22.174236,514.989374,518.091769,0.278537,0.278898,0.656746,0.860194,calls/second,milliseconds
1779273156,55,518.091769,13.774962,3.310463,65.183366,4.422202,4.786939,9.975637,22.174236,514.989374,518.091769,0.277132,0.278898,0.656746,0.860194,calls/second,milliseconds
1779273157,55,518.091769,13.774962,3.310463,65.183366,4.422202,4.786939,9.975637,22.174236,514.989374,518.091769,0.275740,0.278898,0.656746,0.860194,calls/second,milliseconds
1779273158,55,518.091769,13.774962,3.310463,65.183366,4.422202,4.786939,9.975637,22.174236,514.989374,518.091769,0.274363,0.256599,0.645891,0.855429,calls/second,milliseconds
1779273159,55,518.091769,13.774962,3.310463,65.183366,4.422202,4.786939,9.975637,22.174236,514.989374,518.091769,0.272999,0.256599,0.645891,0.855429,calls/second,milliseconds
1779273160,55,518.091769,13.774962,3.310463,65.183366,4.422202,4.786939,9.975637,22.174236,514.989374,518.091769,0.271648,0.256599,0.645891,0.855429,calls/second,milliseconds
1779273161,55,518.091769,13.774962,3.310463,65.183366,4.422202,4.786939,9.975637,22.174236,514.989374,518.091769,0.270311,0.256599,0.645891,0.855429,calls/second,milliseconds
1779273162,55,518.091769,13.774962,3.310463,65.183366,4.422202,4.786939,9.975637,22.174236,514.989374,518.091769,0.268987,0.256599,0.645891,0.855429,calls/second,milliseconds
1779273163,55,518.091769,13.774962,3.310463,65.183366,4.422202,4.786939,9.975637,22.174236,514.989374,518.091769,0.267675,0.236082,0.635215,0.850689,calls/second,milliseconds
1779273164,55,518.091769,13.774962,3.310463,65.183366,4.422202,4.786939,9.975637,22.174236,514.989374,518.091769,0.266376,0.236082,0.635215,0.850689,calls/second,milliseconds
1779273165,55,518.091769,13.774962,3.310463,65.183366,4.422202,4.786939,9.975637,22.174236,514.989374,518.091769,0.265090,0.236082,0.635215,0.850689,calls/second,milliseconds
1779273166,55,518.091769,13.774962,3.310463,65.183366,4.422202,4.786939,9.975637,22.174236,514.989374,518.091769,0.263816,0.236082,0.635215,0.850689,calls/second,milliseconds
1779273167,60,518.091769,11.397712,3.310463,55.631539,4.656358,5.163230,9.915593,22.153064,514.271578,518.091769,0.286423,0.236082,0.635215,0.850689,calls/second,milliseconds
1779273168,60,518.091769,11.397712,3.310463,55.631539,4.656358,5.163230,9.915593,22.153064,514.271578,518.091769,0.285060,0.297162,0.641244,0.851517,calls/second,milliseconds
1779273169,60,518.091769,11.397712,3.310463,55.631539,4.656358,5.163230,9.915593,22.153064,514.271578,518.091769,0.283710,0.297162,0.641244,0.851517,calls/second,milliseconds
1779273170,60,518.091769,11.397712,3.310463,55.631539,4.656358,5.163230,9.915593,22.153064,514.271578,518.091769,0.282373,0.297162,0.641244,0.851517,calls/second,milliseconds
1779273171,60,518.091769,11.397712,3.310463,55.631539,4.656358,5.163230,9.915593,22.153064,514.271578,518.091769,0.281048,0.297162,0.641244,0.851517,calls/second,milliseconds
1779273172,60,518.091769,11.397712,3.310463,55.631539,4.656358,5.163230,9.915593,22.153064,514.271578,518.091769,0.279735,0.297162,0.641244,0.851517,calls/second,milliseconds
1779273173,60,518.091769,11.397712,3.310463,55.631539,4.656358,5.163230,9.915593,22.153064,514.271578,518.091769,0.278435,0.273402,0.630645,0.846799,calls/second,milliseconds
1779273174,60,518.091769,11.397712,3.310463,55.631539,4.656358,5.163230,9.915593,22.153064,514.271578,518.091769,0.277147,0.273402,0.630645,0.846799,calls/second,milliseconds
1779273175,60,518.091769,11.397712,3.310463,55.631539,4.656358,5.163230,9.915593,22.153064,514.271578,518.091769,0.275870,0.273402,0.630645,0.846799,calls/second,milliseconds
1779273176,65,518.091769,9.637670,3.310463,48.527828,4.319822,5.112588,9.791908,17.140262,22.174236,518.091769,0.297489,0.273402,0.630645,0.846799,calls/second,milliseconds
1779273177,65,518.091769,9.637670,3.310463,48.527828,4.319822,5.112588,9.791908,17.140262,22.174236,518.091769,0.296132,0.273402,0.630645,0.846799,calls/second,milliseconds
1779273178,65,518.091769,9.637670,3.310463,48.527828,4.319822,5.112588,9.791908,17.140262,22.174236,518.091769,0.294787,0.331498,0.636750,0.847648,calls/second,milliseconds
1779273179,65,518.091769,9.637670,3.310463,48.527828,4.319822,5.112588,9.791908,17.140262,22.174236,518.091769,0.293455,0.331498,0.636750,0.847648,calls/second,milliseconds
1779273180,65,518.091769,9.637670,3.310463,48.527828,4.319822,5.112588,9.791908,17.140262,22.174236,518.091769,0.292134,0.331498,0.636750,0.847648,calls/second,milliseconds
1779273181,65,518.091769,9.637670,3.310463,48.527828,4.319822,5.112588,9.791908,17.140262,22.174236,518.091769,0.290824,0.331498,0.636750,0.847648,calls/second,milliseconds
1779273182,65,518.091769,9.637670,3.310463,48.527828,4.319822,5.112588,9.791908,17.140262,22.174236,518.091769,0.289526,0.331498,0.636750,0.847648,calls/second,milliseconds
1779273183,65,518.091769,9.637670,3.310463,48.527828,4.319822,5.112588,9.791908,17.140262,22.174236,518.091769,0.288241,0.304993,0.626226,0.842952,calls/second,milliseconds
1779273184,65,518.091769,9.637670,3.310463,48.527828,4.319822,5.112588,9.791908,17.140262,22.174236,518.091769,0.286965,0.304993,0.626226,0.842952,calls/second,milliseconds
1779273185,65,518.091769,9.637670,3.310463,48.527828,4.319822,5.112588,9.791908,17.140262,22.174236,518.091769,0.285702,0.304993,0.626226,0.842952,calls/second,milliseconds
1779273186,65,518.091769,9.637670,3.310463,48.527828,4.319822,5.112588,9.791908,17.140262,22.174236,518.091769,0.284450,0.304993,0.626226,0.842952,calls/second,milliseconds
1779273187,65,518.091769,9.637670,3.310463,48.527828,4.319822,5.112588,9.791908,17.140262,22.174236,518.091769,0.283209,0.304993,0.626226,0.842952,calls/second,milliseconds
1779273188,65,518.091769,9.637670,3.310463,48.527828,4.319822,5.112588,9.791908,17.140262,22.174236,518.091769,0.281979,0.280607,0.615875,0.838282,calls/second,milliseconds
1779273189,65,518.091769,9.637670,3.310463,48.527828,4.319822,5.112588,9.791908,17.140262,22.174236,518.091769,0.280759,0.280607,0.615875,0.838282,calls/second,milliseconds
1779273190,65,518.091769,9.637670,3.310463,48.527828,4.319822,5.112588,9.791908,17.140262,22.174236,518.091769,0.279550,0.280607,0.615875,0.838282,calls/second,milliseconds
1779273191,65,518.091769,9.637670,3.310463,48.527828,4.319822,5.112588,9.791908,17.140262,22.174236,518.091769,0.278351,0.280607,0.615875,0.838282,calls/second,milliseconds
1779273192,65,518.091769,9.637670,3.310463,48.527828,4.319822,5.112588,9.791908,17.140262,22.174236,518.091769,0.277162,0.280607,0.615875,0.838282,calls/second,milliseconds
1779273193,65,518.091769,9.637670,3.310463,48.527828,4.319822,5.112588,9.791908,17.140262,22.174236,518.091769,0.275983,0.258171,0.605696,0.833638,calls/second,milliseconds
1779273194,65,518.091769,9.637670,3.310463,48.527828,4.319822,5.112588,9.791908,17.140262,22.174236,518.091769,0.274814,0.258171,0.605696,0.833638,calls/second,milliseconds
1779273195,65,518.091769,9.637670,3.310463,48.527828,4.319822,5.112588,9.791908,17.140262,22.174236,518.091769,0.273656,0.258171,0.605696,0.833638,calls/second,milliseconds
1779273196,65,518.091769,9.637670,3.310463,48.527828,4.319822,5.112588,9.791908,17.140262,22.174236,518.091769,0.272506,0.258171,0.605696,0.833638,calls/second,milliseconds
1779273197,65,518.091769,9.637670,3.310463,48.527828,4.319822,5.112588,9.791908,17.140262,22.174236,518.091769,0.271367,0.258171,0.605696,0.833638,calls/second,milliseconds
1779273198,65,518.091769,9.637670,3.310463,48.527828,4.319822,5.112588,9.791908,17.140262,22.174236,518.091769,0.270237,0.237528,0.595684,0.829019,calls/second,milliseconds
1779273199,65,518.091769,9.637670,3.310463,48.527828,4.319822,5.112588,9.791908,17.140262,22.174236,518.091769,0.269116,0.237528,0.595684,0.829019,calls/second,milliseconds
1779273200,65,518.091769,9.637670,3.310463,48.527828,4.319822,5.112588,9.791908,17.140262,22.174236,518.091769,0.268004,0.237528,0.595684,0.829019,calls/second,milliseconds
1779273201,65,518.091769,9.637670,3.310463,48.527828,4.319822,5.112588,9.791908,17.140262,22.174236,518.091769,0.266903,0.237528,0.595684,0.829019,calls/second,milliseconds
1779273202,65,518.091769,9.637670,3.310463,48.527828,4.319822,5.112588,9.791908,17.140262,22.174236,518.091769,0.265810,0.237528,0.595684,0.829019,calls/second,milliseconds
1779273203,65,518.091769,9.637670,3.310463,48.527828,4.319822,5.112588,9.791908,17.140262,22.174236,518.091769,0.264725,0.218537,0.585839,0.824426,calls/second,milliseconds
1779273204,65,518.091769,9.637670,3.310463,48.527828,4.319822,5.112588,9.791908,17.140262,22.174236,518.091769,0.263650,0.218537,0.585839,0.824426,calls/second,milliseconds
1779273205,65,518.091769,9.637670,3.310463,48.527828,4.319822,5.112588,9.791908,17.140262,22.174236,518.091769,0.262583,0.218537,0.585839,0.824426,calls/second,milliseconds
1779273206,65,518.091769,9.637670,3.310463,48.527828,4.319822,5.112588,9.791908,17.140262,22.174236,518.091769,0.261525,0.218537,0.585839,0.824426,calls/second,milliseconds
1779273207,65,518.091769,9.637670,3.310463,48.527828,4.319822,5.112588,9.791908,17.140262,22.174236,518.091769,0.260475,0.218537,0.585839,0.824426,calls/second,milliseconds
1779273208,65,518.091769,9.637670,3.310463,48.527828,4.319822,5.112588,9.791908,17.140262,22.174236,518.091769,0.259434,0.201063,0.576156,0.819859,calls/second,milliseconds
1779273209,65,518.091769,9.637670,3.310463,48.527828,4.319822,5.112588,9.791908,17.140262,22.174236,518.091769,0.258400,0.201063,0.576156,0.819859,calls/second,milliseconds
1779273210,65,518.091769,9.637670,3.310463,48.527828,4.319822,5.112588,9.791908,17.140262,22.174236,518.091769,0.257375,0.201063,0.576156,0.819859,calls/second,milliseconds
1779273211,65,518.091769,9.637670,3.310463,48.527828,4.319822,5.112588,9.791908,17.140262,22.174236,518.091769,0.256358,0.201063,0.576156,0.819859,calls/second,milliseconds
1779273212,65,518.091769,9.637670,3.310463,48.527828,4.319822,5.112588,9.791908,17.140262,22.174236,518.091769,0.255349,0.201063,0.576156,0.819859,calls/second,milliseconds
1779273213,65,518.091769,9.637670,3.310463,48.527828,4.319822,5.112588,9.791908,17.140262,22.174236,518.091769,0.254342,0.184987,0.566633,0.815317,calls/second,milliseconds
1779273214,70,518.091769,10.453490,3.310463,40.715590,5.109406,12.347024,12.531220,12.531220,22.153064,518.091769,0.272837,0.184987,0.566633,0.815317,calls/second,milliseconds
1779273215,70,518.091769,10.453490,3.310463,40.715590,5.109406,12.347024,12.531220,12.531220,22.153064,518.091769,0.271776,0.184987,0.566633,0.815317,calls/second,milliseconds
1779273216,70,518.091769,10.453490,3.310463,40.715590,5.109406,12.347024,12.531220,12.531220,22.153064,518.091769,0.270723,0.184987,0.566633,0.815317,calls/second,milliseconds
1779273217,70,518.091769,10.453490,3.310463,40.715590,5.109406,12.347024,12.531220,12.531220,22.153064,518.091769,0.269678,0.184987,0.566633,0.815317,calls/second,milliseconds
1779273218,70,518.091769,10.453490,3.310463,40.715590,5.109406,12.347024,12.531220,12.531220,22.153064,518.091769,0.268642,0.250152,0.573795,0.816340,calls/second,milliseconds
1779273219,70,518.091769,10.453490,3.310463,40.715590,5.109406,12.347024,12.531220,12.531220,22.153064,518.091769,0.267613,0.250152,0.573795,0.816340,calls/second,milliseconds
1779273220,70,518.091769,10.453490,3.310463,40.715590,5.109406,12.347024,12.531220,12.531220,22.153064,518.091769,0.266593,0.250152,0.573795,0.816340,calls/second,milliseconds
1779273221,70,518.091769,10.453490,3.310463,40.715590,5.109406,12.347024,12.531220,12.531220,22.153064,518.091769,0.265580,0.250152,0.573795,0.816340,calls/second,milliseconds
1779273222,70,518.091769,10.453490,3.310463,40.715590,5.109406,12.347024,12.531220,12.531220,22.153064,518.091769,0.264574,0.250152,0.573795,0.816340,calls/second,milliseconds
1779273223,75,518.091769,8.726484,3.310463,35.233813,4.253631,9.602130,12.531220,12.531220,21.918754,517.807135,0.282404,0.230151,0.564311,0.811817,calls/second,milliseconds
1779273224,75,518.091769,8.726484,3.310463,35.233813,4.253631,9.602130,12.531220,12.531220,21.918754,517.807135,0.281342,0.230151,0.564311,0.811817,calls/second,milliseconds
1779273225,75,518.091769,8.726484,3.310463,35.233813,4.253631,9.602130,12.531220,12.531220,21.918754,517.807135,0.280289,0.230151,0.564311,0.811817,calls/second,milliseconds
1779273226,75,518.091769,8.726484,3.310463,35.233813,4.253631,9.602130,12.531220,12.531220,21.918754,517.807135,0.279244,0.230151,0.564311,0.811817,calls/second,milliseconds
1779273227,75,518.091769,8.726484,3.310463,35.233813,4.253631,9.602130,12.531220,12.531220,21.918754,517.807135,0.278206,0.230151,0.564311,0.811817,calls/second,milliseconds
1779273228,75,518.091769,8.726484,3.310463,35.233813,4.253631,9.602130,12.531220,12.531220,21.918754,517.807135,0.277177,0.291705,0.571513,0.812860,calls/second,milliseconds
1779273229,75,518.091769,8.726484,3.310463,35.233813,4.253631,9.602130,12.531220,12.531220,21.918754,517.807135,0.276155,0.291705,0.571513,0.812860,calls/second,milliseconds
1779273230,75,518.091769,8.726484,3.310463,35.233813,4.253631,9.602130,12.531220,12.531220,21.918754,517.807135,0.275140,0.291705,0.571513,0.812860,calls/second,milliseconds
1779273231,75,518.091769,8.726484,3.310463,35.233813,4.253631,9.602130,12.531220,12.531220,21.918754,517.807135,0.274132,0.291705,0.571513,0.812860,calls/second,milliseconds
1779273232,75,518.091769,8.726484,3.310463,35.233813,4.253631,9.602130,12.531220,12.531220,21.918754,517.807135,0.273132,0.291705,0.571513,0.812860,calls/second,milliseconds
1779273233,75,518.091769,8.726484,3.310463,35.233813,4.253631,9.602130,12.531220,12.531220,21.918754,517.807135,0.272139,0.268381,0.562067,0.808356,calls/second,milliseconds
1779273234,75,518.091769,8.726484,3.310463,35.233813,4.253631,9.602130,12.531220,12.531220,21.918754,517.807135,0.271154,0.268381,0.562067,0.808356,calls/second,milliseconds
1779273235,75,518.091769,8.726484,3.310463,35.233813,4.253631,9.602130,12.531220,12.531220,21.918754,517.807135,0.270176,0.268381,0.562067,0.808356,calls/second,milliseconds
1779273236,75,518.091769,8.726484,3.310463,35.233813,4.253631,9.602130,12.531220,12.531220,21.918754,517.807135,0.269205,0.268381,0.562067,0.808356,calls/second,milliseconds
1779273237,75,518.091769,8.726484,3.310463,35.233813,4.253631,9.602130,12.531220,12.531220,21.918754,517.807135,0.268240,0.268381,0.562067,0.808356,calls/second,milliseconds
1779273238,75,518.091769,8.726484,3.310463,35.233813,4.253631,9.602130,12.531220,12.531220,21.918754,517.807135,0.267283,0.246923,0.552776,0.803878,calls/second,milliseconds
1779273239,75,518.091769,8.726484,3.310463,35.233813,4.253631,9.602130,12.531220,12.531220,21.918754,517.807135,0.266333,0.246923,0.552776,0.803878,calls/second,milliseconds
1779273240,75,518.091769,8.726484,3.310463,35.233813,4.253631,9.602130,12.531220,12.531220,21.918754,517.807135,0.265389,0.246923,0.552776,0.803878,calls/second,milliseconds
1779273241,75,518.091769,8.726484,3.310463,35.233813,4.253631,9.602130,12.531220,12.531220,21.918754,517.807135,0.264452,0.246923,0.552776,0.803878,calls/second,milliseconds
1779273242,75,518.091769,8.726484,3.310463,35.233813,4.253631,9.602130,12.531220,12.531220,21.918754,517.807135,0.263521,0.246923,0.552776,0.803878,calls/second,milliseconds
1779273243,75,518.091769,8.726484,3.310463,35.233813,4.253631,9.602130,12.531220,12.531220,21.918754,517.807135,0.262597,0.227180,0.543640,0.799424,calls/second,milliseconds
1779273244,75,518.091769,8.726484,3.310463,35.233813,4.253631,9.602130,12.531220,12.531220,21.918754,517.807135,0.261679,0.227180,0.543640,0.799424,calls/second,milliseconds
1779273245,75,518.091769,8.726484,3.310463,35.233813,4.253631,9.602130,12.531220,12.531220,21.918754,517.807135,0.260768,0.227180,0.543640,0.799424,calls/second,milliseconds
1779273246,75,518.091769,8.726484,3.310463,35.233813,4.253631,9.602130,12.531220,12.531220,21.918754,517.807135,0.259863,0.227180,0.543640,0.799424,calls/second,milliseconds
1779273247,75,518.091769,8.726484,3.310463,35.233813,4.253631,9.602130,12.531220,12.531220,21.918754,517.807135,0.258965,0.227180,0.543640,0.799424,calls/second,milliseconds
1779273248,75,518.091769,8.726484,3.310463,35.233813,4.253631,9.602130,12.531220,12.531220,21.918754,517.807135,0.258072,0.209016,0.534654,0.794995,calls/second,milliseconds
1779273249,75,518.091769,8.726484,3.310463,35.233813,4.253631,9.602130,12.531220,12.531220,21.918754,517.807135,0.257186,0.209016,0.534654,0.794995,calls/second,milliseconds
1779273250,75,518.091769,8.726484,3.310463,35.233813,4.253631,9.602130,12.531220,12.531220,21.918754,517.807135,0.256306,0.209016,0.534654,0.794995,calls/second,milliseconds
1779273251,75,518.091769,8.726484,3.310463,35.233813,4.253631,9.602130,12.531220,12.531220,21.918754,517.807135,0.255432,0.209016,0.534654,0.794995,calls/second,milliseconds
1779273252,75,518.091769,8.726484,3.310463,35.233813,4.253631,9.602130,12.531220,12.531220,21.918754,517.807135,0.254564,0.209016,0.534654,0.794995,calls/second,milliseconds
1779273253,75,518.091769,8.726484,3.310463,35.233813,4.253631,9.602130,12.531220,12.531220,21.918754,517.807135,0.253701,0.192304,0.525817,0.790591,calls/second,milliseconds
1779273254,75,518.091769,8.726484,3.310463,35.233813,4.253631,9.602130,12.531220,12.531220,21.918754,517.807135,0.252844,0.192304,0.525817,0.790591,calls/second,milliseconds
1779273255,75,518.091769,8.726484,3.310463,35.233813,4.253631,9.602130,12.531220,12.531220,21.918754,517.807135,0.251993,0.192304,0.525817,0.790591,calls/second,milliseconds
1779273256,75,518.091769,8.726484,3.310463,35.233813,4.253631,9.602130,12.531220,12.531220,21.918754,517.807135,0.251148,0.192304,0.525817,0.790591,calls/second,milliseconds
1779273257,75,518.091769,8.726484,3.310463,35.233813,4.253631,9.602130,12.531220,12.531220,21.918754,517.807135,0.250308,0.192304,0.525817,0.790591,calls/second,milliseconds
1779273258,75,518.091769,8.726484,3.310463,35.233813,4.253631,9.602130,12.531220,12.531220,21.918754,517.807135,0.249474,0.176928,0.517126,0.786211,calls/second,milliseconds
1779273259,75,518.091769,8.726484,3.310463,35.233813,4.253631,9.602130,12.531220,12.531220,21.918754,517.807135,0.248646,0.176928,0.517126,0.786211,calls/second,milliseconds
1779273260,75,518.091769,8.726484,3.310463,35.233813,4.253631,9.602130,12.531220,12.531220,21.918754,517.807135,0.247823,0.176928,0.517126,0.786211,calls/second,milliseconds
1779273261,75,518.091769,8.726484,3.310463,35.233813,4.253631,9.602130,12.531220,12.531220,21.918754,517.807135,0.247006,0.176928,0.517126,0.786211,calls/second,milliseconds
1779273262,75,518.091769,8.726484,3.310463,35.233813,4.253631,9.602130,12.531220,12.531220,21.918754,517.807135,0.246194,0.176928,0.517126,0.786211,calls/second,milliseconds
1779273263,75,518.091769,8.726484,3.310463,35.233813,4.253631,9.602130,12.531220,12.531220,21.918754,517.807135,0.245388,0.162782,0.508579,0.781855,calls/second,milliseconds
1779273264,75,518.091769,8.726484,3.310463,35.233813,4.253631,9.602130,12.531220,12.531220,21.918754,517.807135,0.244586,0.162782,0.508579,0.781855,calls/second,milliseconds
1779273265,75,518.091769,8.726484,3.310463,35.233813,4.253631,9.602130,12.531220,12.531220,21.918754,517.807135,0.243790,0.162782,0.508579,0.781855,calls/second,milliseconds
1779273266,75,518.091769,8.726484,3.310463,35.233813,4.253631,9.602130,12.531220,12.531220,21.918754,517.807135,0.242999,0.162782,0.508579,0.781855,calls/second,milliseconds
1779273267,75,518.091769,8.726484,3.310463,35.233813,4.253631,9.602130,12.531220,12.531220,21.918754,517.807135,0.242213,0.162782,0.508579,0.781855,calls/second,milliseconds
1779273268,75,518.091769,8.726484,3.310463,35.233813,4.253631,9.602130,12.531220,12.531220,21.918754,517.807135,0.241433,0.149766,0.500173,0.777524,calls/second,milliseconds
1779273269,75,518.091769,8.726484,3.310463,35.233813,4.253631,9.602130,12.531220,12.531220,21.918754,517.807135,0.240657,0.149766,0.500173,0.777524,calls/second,milliseconds
1779273270,80,518.091769,7.315768,3.310463,28.656293,4.589858,5.103335,12.446146,12.531220,12.531220,517.807135,0.255877,0.149766,0.500173,0.777524,calls/second,milliseconds
1779273271,80,518.091769,7.315768,3.310463,28.656293,4.589858,5.103335,12.446146,12.531220,12.531220,517.807135,0.255060,0.149766,0.500173,0.777524,calls/second,milliseconds
1779273272,80,518.091769,7.315768,3.310463,28.656293,4.589858,5.103335,12.446146,12.531220,12.531220,517.807135,0.254248,0.149766,0.500173,0.777524,calls/second,milliseconds
1779273273,80,518.091769,7.315768,3.310463,28.656293,4.589858,5.103335,12.446146,12.531220,12.531220,517.807135,0.253441,0.217747,0.508434,0.778756,calls/second,milliseconds
1779273274,80,518.091769,7.315768,3.310463,28.656293,4.589858,5.103335,12.446146,12.531220,12.531220,517.807135,0.252640,0.217747,0.508434,0.778756,calls/second,milliseconds
1779273275,80,518.091769,7.315768,3.310463,28.656293,4.589858,5.103335,12.446146,12.531220,12.531220,517.807135,0.251843,0.217747,0.508434,0.778756,calls/second,milliseconds
1779273276,80,518.091769,7.315768,3.310463,28.656293,4.589858,5.103335,12.446146,12.531220,12.531220,517.807135,0.251051,0.217747,0.508434,0.778756,calls/second,milliseconds
1779273277,80,518.091769,7.315768,3.310463,28.656293,4.589858,5.103335,12.446146,12.531220,12.531220,517.807135,0.250265,0.217747,0.508434,0.778756,calls/second,milliseconds
1779273278,80,518.091769,7.315768,3.310463,28.656293,4.589858,5.103335,12.446146,12.531220,12.531220,517.807135,0.249483,0.200337,0.500030,0.774442,calls/second,milliseconds
1779273279,80,518.091769,7.315768,3.310463,28.656293,4.589858,5.103335,12.446146,12.531220,12.531220,517.807135,0.248706,0.200337,0.500030,0.774442,calls/second,milliseconds
1779273280,85,518.091769,6.394058,3.310463,24.290113,4.202309,4.597462,12.356837,12.531220,12.531220,516.084723,0.263430,0.200337,0.500030,0.774442,calls/second,milliseconds
1779273281,85,518.091769,6.394058,3.310463,24.290113,4.202309,4.597462,12.356837,12.531220,12.531220,516.084723,0.262615,0.200337,0.500030,0.774442,calls/second,milliseconds
1779273282,85,518.091769,6.394058,3.310463,24.290113,4.202309,4.597462,12.356837,12.531220,12.531220,516.084723,0.261804,0.200337,0.500030,0.774442,calls/second,milliseconds
1779273283,85,518.091769,6.394058,3.310463,24.290113,4.202309,4.597462,12.356837,12.531220,12.531220,516.084723,0.260998,0.264275,0.508294,0.775691,calls/second,milliseconds
1779273284,85,518.091769,6.394058,3.310463,24.290113,4.202309,4.597462,12.356837,12.531220,12.531220,516.084723,0.260198,0.264275,0.508294,0.775691,calls/second,milliseconds
1779273285,85,518.091769,6.394058,3.310463,24.290113,4.202309,4.597462,12.356837,12.531220,12.531220,516.084723,0.259402,0.264275,0.508294,0.775691,calls/second,milliseconds
1779273286,85,518.091769,6.394058,3.310463,24.290113,4.202309,4.597462,12.356837,12.531220,12.531220,516.084723,0.258611,0.264275,0.508294,0.775691,calls/second,milliseconds
1779273287,85,518.091769,6.394058,3.310463,24.290113,4.202309,4.597462,12.356837,12.531220,12.531220,516.084723,0.257826,0.264275,0.508294,0.775691,calls/second,milliseconds
1779273288,85,518.091769,6.394058,3.310463,24.290113,4.202309,4.597462,12.356837,12.531220,12.531220,516.084723,0.257044,0.243144,0.499893,0.771394,calls/second,milliseconds
1779273289,85,518.091769,6.394058,3.310463,24.290113,4.202309,4.597462,12.356837,12.531220,12.531220,516.084723,0.256268,0.243144,0.499893,0.771394,calls/second,milliseconds
1779273290,85,518.091769,6.394058,3.310463,24.290113,4.202309,4.597462,12.356837,12.531220,12.531220,516.084723,0.255497,0.243144,0.499893,0.771394,calls/second,milliseconds
1779273291,85,518.091769,6.394058,3.310463,24.290113,4.202309,4.597462,12.356837,12.531220,12.531220,516.084723,0.254729,0.243144,0.499893,0.771394,calls/second,milliseconds
1779273292,85,518.091769,6.394058,3.310463,24.290113,4.202309,4.597462,12.356837,12.531220,12.531220,516.084723,0.253966,0.243144,0.499893,0.771394,calls/second,milliseconds
1779273293,85,518.091769,6.394058,3.310463,24.290113,4.202309,4.597462,12.356837,12.531220,12.531220,516.084723,0.253208,0.223704,0.491630,0.767120,calls/second,milliseconds
1779273294,85,518.091769,6.394058,3.310463,24.290113,4.202309,4.597462,12.356837,12.531220,12.531220,516.084723,0.252455,0.223704,0.491630,0.767120,calls/second,milliseconds
1779273295,85,518.091769,6.394058,3.310463,24.290113,4.202309,4.597462,12.356837,12.531220,12.531220,516.084723,0.251706,0.223704,0.491630,0.767120,calls/second,milliseconds
1779273296,85,518.091769,6.394058,3.310463,24.290113,4.202309,4.597462,12.356837,12.531220,12.531220,516.084723,0.250961,0.223704,0.491630,0.767120,calls/second,milliseconds
1779273297,85,518.091769,6.394058,3.310463,24.290113,4.202309,4.597462,12.356837,12.531220,12.531220,516.084723,0.250221,0.223704,0.491630,0.767120,calls/second,milliseconds
1779273298,85,518.091769,6.394058,3.310463,24.290113,4.202309,4.597462,12.356837,12.531220,12.531220,516.084723,0.249486,0.205817,0.483504,0.762870,calls/second,milliseconds
1779273299,85,518.091769,6.394058,3.310463,24.290113,4.202309,4.597462,12.356837,12.531220,12.531220,516.084723,0.248755,0.205817,0.483504,0.762870,calls/second,milliseconds
1779273300,85,518.091769,6.394058,3.310463,24.290113,4.202309,4.597462,12.356837,12.531220,12.531220,516.084723,0.248028,0.205817,0.483504,0.762870,calls/second,milliseconds
1779273301,85,518.091769,6.394058,3.310463,24.290113,4.202309,4.597462,12.356837,12.531220,12.531220,516.084723,0.247305,0.205817,0.483504,0.762870,calls/second,milliseconds
1779273302,85,518.091769,6.394058,3.310463,24.290113,4.202309,4.597462,12.356837,12.531220,12.531220,516.084723,0.246586,0.205817,0.483504,0.762870,calls/second,milliseconds
1779273303,85,518.091769,6.394058,3.310463,24.290113,4.202309,4.597462,12.356837,12.531220,12.531220,516.084723,0.245872,0.189361,0.475513,0.758644,calls/second,milliseconds
1779273304,85,518.091769,6.394058,3.310463,24.290113,4.202309,4.597462,12.356837,12.531220,12.531220,516.084723,0.245161,0.189361,0.475513,0.758644,calls/second,milliseconds
1779273305,85,518.091769,6.394058,3.310463,24.290113,4.202309,4.597462,12.356837,12.531220,12.531220,516.084723,0.244455,0.189361,0.475513,0.758644,calls/second,milliseconds
1779273306,85,518.091769,6.394058,3.310463,24.290113,4.202309,4.597462,12.356837,12.531220,12.531220,516.084723,0.243753,0.189361,0.475513,0.758644,calls/second,milliseconds
1779273307,85,518.091769,6.394058,3.310463,24.290113,4.202309,4.597462,12.356837,12.531220,12.531220,516.084723,0.243055,0.189361,0.475513,0.758644,calls/second,milliseconds
1779273308,85,518.091769,6.394058,3.310463,24.290113,4.202309,4.597462,12.356837,12.531220,12.531220,516.084723,0.242361,0.174221,0.467653,0.754441,calls/second,milliseconds
1779273309,85,518.091769,6.394058,3.310463,24.290113,4.202309,4.597462,12.356837,12.531220,12.531220,516.084723,0.241671,0.174221,0.467653,0.754441,calls/second,milliseconds
1779273310,85,518.091769,6.394058,3.310463,24.290113,4.202309,4.597462,12.356837,12.531220,12.531220,516.084723,0.240985,0.174221,0.467653,0.754441,calls/second,milliseconds
1779273311,85,518.091769,6.394058,3.310463,24.290113,4.202309,4.597462,12.356837,12.531220,12.531220,516.084723,0.240303,0.174221,0.467653,0.754441,calls/second,milliseconds
1779273312,85,518.091769,6.394058,3.310463,24.290113,4.202309,4.597462,12.356837,12.531220,12.531220,516.084723,0.239624,0.174221,0.467653,0.754441,calls/second,milliseconds
1779273313,85,518.091769,6.394058,3.310463,24.290113,4.202309,4.597462,12.356837,12.531220,12.531220,516.084723,0.238949,0.160291,0.459924,0.750261,calls/second,milliseconds
1779273314,85,518.091769,6.394058,3.310463,24.290113,4.202309,4.597462,12.356837,12.531220,12.531220,516.084723,0.238278,0.160291,0.459924,0.750261,calls/second,milliseconds
1779273315,85,518.091769,6.394058,3.310463,24.290113,4.202309,4.597462,12.356837,12.531220,12.531220,516.084723,0.237611,0.160291,0.459924,0.750261,calls/second,milliseconds
1779273316,85,518.091769,6.394058,3.310463,24.290113,4.202309,4.597462,12.356837,12.531220,12.531220,516.084723,0.236948,0.160291,0.459924,0.750261,calls/second,milliseconds
1779273317,85,518.091769,6.394058,3.310463,24.290113,4.202309,4.597462,12.356837,12.531220,12.531220,516.084723,0.236288,0.160291,0.459924,0.750261,calls/second,milliseconds
1779273318,85,518.091769,6.394058,3.310463,24.290113,4.202309,4.597462,12.356837,12.531220,12.531220,516.084723,0.235632,0.147475,0.452322,0.746105,calls/second,milliseconds
1779273319,85,518.091769,6.394058,3.310463,24.290113,4.202309,4.597462,12.356837,12.531220,12.531220,516.084723,0.234979,0.147475,0.452322,0.746105,calls/second,milliseconds
1779273320,85,518.091769,6.394058,3.310463,24.290113,4.202309,4.597462,12.356837,12.531220,12.531220,516.084723,0.234331,0.147475,0.452322,0.746105,calls/second,milliseconds
1779273321,85,518.091769,6.394058,3.310463,24.290113,4.202309,4.597462,12.356837,12.531220,12.531220,516.084723,0.233685,0.147475,0.452322,0.746105,calls/second,milliseconds
1779273322,90,518.091769,7.195028,3.310463,19.645795,4.624130,8.687088,12.347024,12.446146,12.531220,514.989374,0.246752,0.147475,0.452322,0.746105,calls/second,milliseconds
1779273323,90,518.091769,7.195028,3.310463,19.645795,4.624130,8.687088,12.347024,12.446146,12.531220,514.989374,0.246076,0.215639,0.461374,0.747511,calls/second,milliseconds
1779273324,90,518.091769,7.195028,3.310463,19.645795,4.624130,8.687088,12.347024,12.446146,12.531220,514.989374,0.245404,0.215639,0.461374,0.747511,calls/second,milliseconds
1779273325,90,518.091769,7.195028,3.310463,19.645795,4.624130,8.687088,12.347024,12.446146,12.531220,514.989374,0.244736,0.215639,0.461374,0.747511,calls/second,milliseconds
1779273326,90,518.091769,7.195028,3.310463,19.645795,4.624130,8.687088,12.347024,12.446146,12.531220,514.989374,0.244071,0.215639,0.461374,0.747511,calls/second,milliseconds
1779273327,90,518.091769,7.195028,3.310463,19.645795,4.624130,8.687088,12.347024,12.446146,12.531220,514.989374,0.243410,0.215639,0.461374,0.747511,calls/second,milliseconds
1779273328,90,518.091769,7.195028,3.310463,19.645795,4.624130,8.687088,12.347024,12.446146,12.531220,514.989374,0.242753,0.198397,0.453748,0.743370,calls/second,milliseconds
1779273329,90,518.091769,7.195028,3.310463,19.645795,4.624130,8.687088,12.347024,12.446146,12.531220,514.989374,0.242098,0.198397,0.453748,0.743370,calls/second,milliseconds
1779273330,90,518.091769,7.195028,3.310463,19.645795,4.624130,8.687088,12.347024,12.446146,12.531220,514.989374,0.241448,0.198397,0.453748,0.743370,calls/second,milliseconds
1779273331,90,518.091769,7.195028,3.310463,19.645795,4.624130,8.687088,12.347024,12.446146,12.531220,514.989374,0.240801,0.198397,0.453748,0.743370,calls/second,milliseconds
1779273332,95,518.091769,6.245692,3.310463,16.646093,4.169463,8.682293,12.254219,12.446146,12.531220,514.271578,0.253500,0.198397,0.453748,0.743370,calls/second,milliseconds
1779273333,95,518.091769,6.245692,3.310463,16.646093,4.169463,8.682293,12.254219,12.446146,12.531220,514.271578,0.252824,0.262490,0.462777,0.744792,calls/second,milliseconds
1779273334,95,518.091769,6.245692,3.310463,16.646093,4.169463,8.682293,12.254219,12.446146,12.531220,514.271578,0.252152,0.262490,0.462777,0.744792,calls/second,milliseconds
1779273335,95,518.091769,6.245692,3.310463,16.646093,4.169463,8.682293,12.254219,12.446146,12.531220,514.271578,0.251484,0.262490,0.462777,0.744792,calls/second,milliseconds
1779273336,95,518.091769,6.245692,3.310463,16.646093,4.169463,8.682293,12.254219,12.446146,12.531220,514.271578,0.250819,0.262490,0.462777,0.744792,calls/second,milliseconds
1779273337,95,518.091769,6.245692,3.310463,16.646093,4.169463,8.682293,12.254219,12.446146,12.531220,514.271578,0.250157,0.262490,0.462777,0.744792,calls/second,milliseconds
1779273338,95,518.091769,6.245692,3.310463,16.646093,4.169463,8.682293,12.254219,12.446146,12.531220,514.271578,0.249499,0.241502,0.455128,0.740665,calls/second,milliseconds
1779273339,95,518.091769,6.245692,3.310463,16.646093,4.169463,8.682293,12.254219,12.446146,12.531220,514.271578,0.248844,0.241502,0.455128,0.740665,calls/second,milliseconds
1779273340,95,518.091769,6.245692,3.310463,16.646093,4.169463,8.682293,12.254219,12.446146,12.531220,514.271578,0.248193,0.241502,0.455128,0.740665,calls/second,milliseconds
1779273341,95,518.091769,6.245692,3.310463,16.646093,4.169463,8.682293,12.254219,12.446146,12.531220,514.271578,0.247545,0.241502,0.455128,0.740665,calls/second,milliseconds
1779273342,95,518.091769,6.245692,3.310463,16.646093,4.169463,8.682293,12.254219,12.446146,12.531220,514.271578,0.246901,0.241502,0.455128,0.740665,calls/second,milliseconds
1779273343,95,518.091769,6.245692,3.310463,16.646093,4.169463,8.682293,12.254219,12.446146,12.531220,514.271578,0.246260,0.222193,0.447605,0.736562,calls/second,milliseconds
1779273344,95,518.091769,6.245692,3.310463,16.646093,4.169463,8.682293,12.254219,12.446146,12.531220,514.271578,0.245622,0.222193,0.447605,0.736562,calls/second,milliseconds
1779273345,95,518.091769,6.245692,3.310463,16.646093,4.169463,8.682293,12.254219,12.446146,12.531220,514.271578,0.244988,0.222193,0.447605,0.736562,calls/second,milliseconds
1779273346,95,518.091769,6.245692,3.310463,16.646093,4.169463,8.682293,12.254219,12.446146,12.531220,514.271578,0.244356,0.222193,0.447605,0.736562,calls/second,milliseconds
1779273347,95,518.091769,6.245692,3.310463,16.646093,4.169463,8.682293,12.254219,12.446146,12.531220,514.271578,0.243728,0.222193,0.447605,0.736562,calls/second,milliseconds
1779273348,95,518.091769,6.245692,3.310463,16.646093,4.169463,8.682293,12.254219,12.446146,12.531220,514.271578,0.243104,0.204427,0.440207,0.732481,calls/second,milliseconds
1779273349,95,518.091769,6.245692,3.310463,16.646093,4.169463,8.682293,12.254219,12.446146,12.531220,514.271578,0.242482,0.204427,0.440207,0.732481,calls/second,milliseconds
1779273350,95,518.091769,6.245692,3.310463,16.646093,4.169463,8.682293,12.254219,12.446146,12.531220,514.271578,0.241863,0.204427,0.440207,0.732481,calls/second,milliseconds
1779273351,95,518.091769,6.245692,3.310463,16.646093,4.169463,8.682293,12.254219,12.446146,12.531220,514.271578,0.241248,0.204427,0.440207,0.732481,calls/second,milliseconds
1779273352,95,518.091769,6.245692,3.310463,16.646093,4.169463,8.682293,12.254219,12.446146,12.531220,514.271578,0.240636,0.204427,0.440207,0.732481,calls/second,milliseconds
1779273353,95,518.091769,6.245692,3.310463,16.646093,4.169463,8.682293,12.254219,12.446146,12.531220,514.271578,0.240027,0.188082,0.432931,0.728423,calls/second,milliseconds
1779273354,95,518.091769,6.245692,3.310463,16.646093,4.169463,8.682293,12.254219,12.446146,12.531220,514.271578,0.239421,0.188082,0.432931,0.728423,calls/second,milliseconds
1779273355,95,518.091769,6.245692,3.310463,16.646093,4.169463,8.682293,12.254219,12.446146,12.531220,514.271578,0.238819,0.188082,0.432931,0.728423,calls/second,milliseconds
1779273356,95,518.091769,6.245692,3.310463,16.646093,4.169463,8.682293,12.254219,12.446146,12.531220,514.271578,0.238218,0.188082,0.432931,0.728423,calls/second,milliseconds
1779273357,95,518.091769,6.245692,3.310463,16.646093,4.169463,8.682293,12.254219,12.446146,12.531220,514.271578,0.237622,0.188082,0.432931,0.728423,calls/second,milliseconds
1779273358,95,518.091769,6.245692,3.310463,16.646093,4.169463,8.682293,12.254219,12.446146,12.531220,514.271578,0.237028,0.173044,0.425775,0.724388,calls/second,milliseconds
1779273359,100,518.091769,5.369963,3.269677,13.976297,3.924745,4.624130,8.733520,12.356837,12.446146,22.174236,0.248881,0.173044,0.425775,0.724388,calls/second,milliseconds
1779273360,100,518.091769,5.369963,3.269677,13.976297,3.924745,4.624130,8.733520,12.356837,12.446146,22.174236,0.248262,0.173044,0.425775,0.724388,calls/second,milliseconds
1779273361,100,518.091769,5.369963,3.269677,13.976297,3.924745,4.624130,8.733520,12.356837,12.446146,22.174236,0.247647,0.173044,0.425775,0.724388,calls/second,milliseconds
1779273362,100,518.091769,5.369963,3.269677,13.976297,3.924745,4.624130,8.733520,12.356837,12.446146,22.174236,0.247034,0.173044,0.425775,0.724388,calls/second,milliseconds
1779273363,100,518.091769,5.369963,3.269677,13.976297,3.924745,4.624130,8.733520,12.356837,12.446146,22.174236,0.246424,0.239164,0.435267,0.725915,calls/second,milliseconds
1779273364,100,518.091769,5.369963,3.269677,13.976297,3.924745,4.624130,8.733520,12.356837,12.446146,22.174236,0.245817,0.239164,0.435267,0.725915,calls/second,milliseconds
1779273365,100,518.091769,5.369963,3.269677,13.976297,3.924745,4.624130,8.733520,12.356837,12.446146,22.174236,0.245213,0.239164,0.435267,0.725915,calls/second,milliseconds
1779273366,100,518.091769,5.369963,3.269677,13.976297,3.924745,4.624130,8.733520,12.356837,12.446146,22.174236,0.244613,0.239164,0.435267,0.725915,calls/second,milliseconds
1779273367,100,518.091769,5.369963,3.269677,13.976297,3.924745,4.624130,8.733520,12.356837,12.446146,22.174236,0.244015,0.239164,0.435267,0.725915,calls/second,milliseconds
1779273368,100,518.091769,5.369963,3.269677,13.976297,3.924745,4.624130,8.733520,12.356837,12.446146,22.174236,0.243420,0.220041,0.428072,0.721893,calls/second,milliseconds
1779273369,105,518.091769,4.915160,3.269677,12.052346,3.707200,4.184525,8.733520,12.347024,12.446146,21.918754,0.254969,0.220041,0.428072,0.721893,calls/second,milliseconds
1779273370,105,518.091769,4.915160,3.269677,12.052346,3.707200,4.184525,8.733520,12.347024,12.446146,21.918754,0.254350,0.220041,0.428072,0.721893,calls/second,milliseconds
1779273371,105,518.091769,4.915160,3.269677,12.052346,3.707200,4.184525,8.733520,12.347024,12.446146,21.918754,0.253735,0.220041,0.428072,0.721893,calls/second,milliseconds
1779273372,105,518.091769,4.915160,3.269677,12.052346,3.707200,4.184525,8.733520,12.347024,12.446146,21.918754,0.253122,0.220041,0.428072,0.721893,calls/second,milliseconds
1779273373,105,518.091769,4.915160,3.269677,12.052346,3.707200,4.184525,8.733520,12.347024,12.446146,21.918754,0.252513,0.282403,0.437525,0.723434,calls/second,milliseconds
1779273374,105,518.091769,4.915160,3.269677,12.052346,3.707200,4.184525,8.733520,12.347024,12.446146,21.918754,0.251906,0.282403,0.437525,0.723434,calls/second,milliseconds
1779273375,105,518.091769,4.915160,3.269677,12.052346,3.707200,4.184525,8.733520,12.347024,12.446146,21.918754,0.251302,0.282403,0.437525,0.723434,calls/second,milliseconds
1779273376,105,518.091769,4.915160,3.269677,12.052346,3.707200,4.184525,8.733520,12.347024,12.446146,21.918754,0.250701,0.282403,0.437525,0.723434,calls/second,milliseconds
1779273377,105,518.091769,4.915160,3.269677,12.052346,3.707200,4.184525,8.733520,12.347024,12.446146,21.918754,0.250103,0.282403,0.437525,0.723434,calls/second,milliseconds
1779273378,105,518.091769,4.915160,3.269677,12.052346,3.707200,4.184525,8.733520,12.347024,12.446146,21.918754,0.249508,0.259824,0.430294,0.719426,calls/second,milliseconds
1779273379,105,518.091769,4.915160,3.269677,12.052346,3.707200,4.184525,8.733520,12.347024,12.446146,21.918754,0.248916,0.259824,0.430294,0.719426,calls/second,milliseconds
1779273380,105,518.091769,4.915160,3.269677,12.052346,3.707200,4.184525,8.733520,12.347024,12.446146,21.918754,0.248326,0.259824,0.430294,0.719426,calls/second,milliseconds
1779273381,105,518.091769,4.915160,3.269677,12.052346,3.707200,4.184525,8.733520,12.347024,12.446146,21.918754,0.247739,0.259824,0.430294,0.719426,calls/second,milliseconds
1779273382,105,518.091769,4.915160,3.269677,12.052346,3.707200,4.184525,8.733520,12.347024,12.446146,21.918754,0.247155,0.259824,0.430294,0.719426,calls/second,milliseconds
1779273383,105,518.091769,4.915160,3.269677,12.052346,3.707200,4.184525,8.733520,12.347024,12.446146,21.918754,0.246574,0.239049,0.423182,0.715440,calls/second,milliseconds
1779273384,105,518.091769,4.915160,3.269677,12.052346,3.707200,4.184525,8.733520,12.347024,12.446146,21.918754,0.245996,0.239049,0.423182,0.715440,calls/second,milliseconds
1779273385,105,518.091769,4.915160,3.269677,12.052346,3.707200,4.184525,8.733520,12.347024,12.446146,21.918754,0.245420,0.239049,0.423182,0.715440,calls/second,milliseconds
1779273386,105,518.091769,4.915160,3.269677,12.052346,3.707200,4.184525,8.733520,12.347024,12.446146,21.918754,0.244847,0.239049,0.423182,0.715440,calls/second,milliseconds
1779273387,105,518.091769,4.915160,3.269677,12.052346,3.707200,4.184525,8.733520,12.347024,12.446146,21.918754,0.244276,0.239049,0.423182,0.715440,calls/second,milliseconds
1779273388,105,518.091769,4.915160,3.269677,12.052346,3.707200,4.184525,8.733520,12.347024,12.446146,21.918754,0.243708,0.219936,0.416187,0.711476,calls/second,milliseconds
1779273389,105,518.091769,4.915160,3.269677,12.052346,3.707200,4.184525,8.733520,12.347024,12.446146,21.918754,0.243143,0.219936,0.416187,0.711476,calls/second,milliseconds
1779273390,105,518.091769,4.915160,3.269677,12.052346,3.707200,4.184525,8.733520,12.347024,12.446146,21.918754,0.242580,0.219936,0.416187,0.711476,calls/second,milliseconds
1779273391,110,518.091769,4.542450,3.269677,10.350399,3.615209,3.953634,8.733321,9.915593,12.356837,17.140262,0.253545,0.219936,0.416187,0.711476,calls/second,milliseconds
1779273392,110,518.091769,4.542450,3.269677,10.350399,3.615209,3.953634,8.733321,9.915593,12.356837,17.140262,0.252961,0.219936,0.416187,0.711476,calls/second,milliseconds
1779273393,110,518.091769,4.542450,3.269677,10.350399,3.615209,3.953634,8.733321,9.915593,12.356837,17.140262,0.252380,0.282306,0.425837,0.713075,calls/second,milliseconds
1779273394,110,518.091769,4.542450,3.269677,10.350399,3.615209,3.953634,8.733321,9.915593,12.356837,17.140262,0.251801,0.282306,0.425837,0.713075,calls/second,milliseconds
1779273395,110,518.091769,4.542450,3.269677,10.350399,3.615209,3.953634,8.733321,9.915593,12.356837,17.140262,0.251225,0.282306,0.425837,0.713075,calls/second,milliseconds
1779273396,110,518.091769,4.542450,3.269677,10.350399,3.615209,3.953634,8.733321,9.915593,12.356837,17.140262,0.250652,0.282306,0.425837,0.713075,calls/second,milliseconds
1779273397,110,518.091769,4.542450,3.269677,10.350399,3.615209,3.953634,8.733321,9.915593,12.356837,17.140262,0.250081,0.282306,0.425837,0.713075,calls/second,milliseconds
1779273398,110,518.091769,4.542450,3.269677,10.350399,3.615209,3.953634,8.733321,9.915593,12.356837,17.140262,0.249513,0.259734,0.418798,0.709124,calls/second,milliseconds
1779273399,110,518.091769,4.542450,3.269677,10.350399,3.615209,3.953634,8.733321,9.915593,12.356837,17.140262,0.248947,0.259734,0.418798,0.709124,calls/second,milliseconds
1779273400,110,518.091769,4.542450,3.269677,10.350399,3.615209,3.953634,8.733321,9.915593,12.356837,17.140262,0.248384,0.259734,0.418798,0.709124,calls/second,milliseconds
1779273401,115,518.091769,4.285696,3.269677,9.061774,3.527305,3.868126,8.687088,8.733520,12.347024,12.531220,0.259089,0.259734,0.418798,0.709124,calls/second,milliseconds
1779273402,115,518.091769,4.285696,3.269677,9.061774,3.527305,3.868126,8.687088,8.733520,12.347024,12.531220,0.258505,0.259734,0.418798,0.709124,calls/second,milliseconds
1779273403,115,518.091769,4.285696,3.269677,9.061774,3.527305,3.868126,8.687088,8.733520,12.347024,12.531220,0.257925,0.318923,0.428405,0.710736,calls/second,milliseconds
1779273404,115,518.091769,4.285696,3.269677,9.061774,3.527305,3.868126,8.687088,8.733520,12.347024,12.531220,0.257346,0.318923,0.428405,0.710736,calls/second,milliseconds
1779273405,115,518.091769,4.285696,3.269677,9.061774,3.527305,3.868126,8.687088,8.733520,12.347024,12.531220,0.256771,0.318923,0.428405,0.710736,calls/second,milliseconds
1779273406,115,518.091769,4.285696,3.269677,9.061774,3.527305,3.868126,8.687088,8.733520,12.347024,12.531220,0.256198,0.318923,0.428405,0.710736,calls/second,milliseconds
1779273407,115,518.091769,4.285696,3.269677,9.061774,3.527305,3.868126,8.687088,8.733520,12.347024,12.531220,0.255628,0.318923,0.428405,0.710736,calls/second,milliseconds
1779273408,120,518.091769,4.160635,3.269677,8.071540,3.612582,3.721996,8.682293,8.733520,12.254219,12.531220,0.266150,0.293423,0.421324,0.706798,calls/second,milliseconds
1779273409,120,518.091769,4.160635,3.269677,8.071540,3.612582,3.721996,8.682293,8.733520,12.254219,12.531220,0.265560,0.293423,0.421324,0.706798,calls/second,milliseconds
1779273410,120,518.091769,4.160635,3.269677,8.071540,3.612582,3.721996,8.682293,8.733520,12.254219,12.531220,0.264973,0.293423,0.421324,0.706798,calls/second,milliseconds
1779273411,120,518.091769,4.160635,3.269677,8.071540,3.612582,3.721996,8.682293,8.733520,12.254219,12.531220,0.264388,0.293423,0.421324,0.706798,calls/second,milliseconds
1779273412,120,518.091769,4.160635,3.269677,8.071540,3.612582,3.721996,8.682293,8.733520,12.254219,12.531220,0.263806,0.293423,0.421324,0.706798,calls/second,milliseconds
1779273413,120,518.091769,4.160635,3.269677,8.071540,3.612582,3.721996,8.682293,8.733520,12.254219,12.531220,0.263226,0.349918,0.430888,0.708423,calls/second,milliseconds
1779273414,120,518.091769,4.160635,3.269677,8.071540,3.612582,3.721996,8.682293,8.733520,12.254219,12.531220,0.262649,0.349918,0.430888,0.708423,calls/second,milliseconds
1779273415,120,518.091769,4.160635,3.269677,8.071540,3.612582,3.721996,8.682293,8.733520,12.254219,12.531220,0.262075,0.349918,0.430888,0.708423,calls/second,milliseconds
1779273416,120,518.091769,4.160635,3.269677,8.071540,3.612582,3.721996,8.682293,8.733520,12.254219,12.531220,0.261502,0.349918,0.430888,0.708423,calls/second,milliseconds
1779273417,120,518.091769,4.160635,3.269677,8.071540,3.612582,3.721996,8.682293,8.733520,12.254219,12.531220,0.260933,0.349918,0.430888,0.708423,calls/second,milliseconds
1779273418,125,518.091769,3.972197,3.097073,7.256036,3.527305,3.700965,8.646077,8.733321,9.848706,12.531220,0.271215,0.321940,0.423766,0.704498,calls/second,milliseconds
1779273419,125,518.091769,3.972197,3.097073,7.256036,3.527305,3.700965,8.646077,8.733321,9.848706,12.531220,0.270626,0.321940,0.423766,0.704498,calls/second,milliseconds
1779273420,125,518.091769,3.972197,3.097073,7.256036,3.527305,3.700965,8.646077,8.733321,9.848706,12.531220,0.270041,0.321940,0.423766,0.704498,calls/second,milliseconds
1779273421,125,518.091769,3.972197,3.097073,7.256036,3.527305,3.700965,8.646077,8.733321,9.848706,12.531220,0.269458,0.321940,0.423766,0.704498,calls/second,milliseconds
1779273422,125,518.091769,3.972197,3.097073,7.256036,3.527305,3.700965,8.646077,8.733321,9.848706,12.531220,0.268877,0.321940,0.423766,0.704498,calls/second,milliseconds
1779273423,125,518.091769,3.972197,3.097073,7.256036,3.527305,3.700965,8.646077,8.733321,9.848706,12.531220,0.268299,0.376155,0.433291,0.706135,calls/second,milliseconds
1779273424,125,518.091769,3.972197,3.097073,7.256036,3.527305,3.700965,8.646077,8.733321,9.848706,12.531220,0.267724,0.376155,0.433291,0.706135,calls/second,milliseconds
1779273425,125,518.091769,3.972197,3.097073,7.256036,3.527305,3.700965,8.646077,8.733321,9.848706,12.531220,0.267151,0.376155,0.433291,0.706135,calls/second,milliseconds
1779273426,125,518.091769,3.972197,3.097073,7.256036,3.527305,3.700965,8.646077,8.733321,9.848706,12.531220,0.266580,0.376155,0.433291,0.706135,calls/second,milliseconds
1779273427,125,518.091769,3.972197,3.097073,7.256036,3.527305,3.700965,8.646077,8.733321,9.848706,12.531220,0.266012,0.376155,0.433291,0.706135,calls/second,milliseconds
1779273428,125,518.091769,3.972197,3.097073,7.256036,3.527305,3.700965,8.646077,8.733321,9.848706,12.531220,0.265446,0.346079,0.426129,0.702223,calls/second,milliseconds
1779273429,125,518.091769,3.972197,3.097073,7.256036,3.527305,3.700965,8.646077,8.733321,9.848706,12.531220,0.264882,0.346079,0.426129,0.702223,calls/second,milliseconds
1779273430,125,518.091769,3.972197,3.097073,7.256036,3.527305,3.700965,8.646077,8.733321,9.848706,12.531220,0.264320,0.346079,0.426129,0.702223,calls/second,milliseconds
1779273431,125,518.091769,3.972197,3.097073,7.256036,3.527305,3.700965,8.646077,8.733321,9.848706,12.531220,0.263761,0.346079,0.426129,0.702223,calls/second,milliseconds
1779273432,125,518.091769,3.972197,3.097073,7.256036,3.527305,3.700965,8.646077,8.733321,9.848706,12.531220,0.263205,0.346079,0.426129,0.702223,calls/second,milliseconds
1779273433,125,518.091769,3.972197,3.097073,7.256036,3.527305,3.700965,8.646077,8.733321,9.848706,12.531220,0.262651,0.318408,0.419086,0.698332,calls/second,milliseconds
1779273434,125,518.091769,3.972197,3.097073,7.256036,3.527305,3.700965,8.646077,8.733321,9.848706,12.531220,0.262099,0.318408,0.419086,0.698332,calls/second,milliseconds
1779273435,125,518.091769,3.972197,3.097073,7.256036,3.527305,3.700965,8.646077,8.733321,9.848706,12.531220,0.261550,0.318408,0.419086,0.698332,calls/second,milliseconds
1779273436,125,518.091769,3.972197,3.097073,7.256036,3.527305,3.700965,8.646077,8.733321,9.848706,12.531220,0.261003,0.318408,0.419086,0.698332,calls/second,milliseconds
1779273437,125,518.091769,3.972197,3.097073,7.256036,3.527305,3.700965,8.646077,8.733321,9.848706,12.531220,0.260458,0.318408,0.419086,0.698332,calls/second,milliseconds
1779273438,125,518.091769,3.972197,3.097073,7.256036,3.527305,3.700965,8.646077,8.733321,9.848706,12.531220,0.259915,0.292950,0.412159,0.694464,calls/second,milliseconds
1779273439,125,518.091769,3.972197,3.097073,7.256036,3.527305,3.700965,8.646077,8.733321,9.848706,12.531220,0.259375,0.292950,0.412159,0.694464,calls/second,milliseconds
1779273440,125,518.091769,3.972197,3.097073,7.256036,3.527305,3.700965,8.646077,8.733321,9.848706,12.531220,0.258837,0.292950,0.412159,0.694464,calls/second,milliseconds
1779273441,125,518.091769,3.972197,3.097073,7.256036,3.527305,3.700965,8.646077,8.733321,9.848706,12.531220,0.258301,0.292950,0.412159,0.694464,calls/second,milliseconds
1779273442,125,518.091769,3.972197,3.097073,7.256036,3.527305,3.700965,8.646077,8.733321,9.848706,12.531220,0.257768,0.292950,0.412159,0.694464,calls/second,milliseconds
1779273443,125,518.091769,3.972197,3.097073,7.256036,3.527305,3.700965,8.646077,8.733321,9.848706,12.531220,0.257236,0.269527,0.405346,0.690616,calls/second,milliseconds
1779273444,125,518.091769,3.972197,3.097073,7.256036,3.527305,3.700965,8.646077,8.733321,9.848706,12.531220,0.256707,0.269527,0.405346,0.690616,calls/second,milliseconds
1779273445,125,518.091769,3.972197,3.097073,7.256036,3.527305,3.700965,8.646077,8.733321,9.848706,12.531220,0.256180,0.269527,0.405346,0.690616,calls/second,milliseconds
1779273446,125,518.091769,3.972197,3.097073,7.256036,3.527305,3.700965,8.646077,8.733321,9.848706,12.531220,0.255656,0.269527,0.405346,0.690616,calls/second,milliseconds
1779273447,125,518.091769,3.972197,3.097073,7.256036,3.527305,3.700965,8.646077,8.733321,9.848706,12.531220,0.255133,0.269527,0.405346,0.690616,calls/second,milliseconds
1779273448,125,518.091769,3.972197,3.097073,7.256036,3.527305,3.700965,8.646077,8.733321,9.848706,12.531220,0.254613,0.247976,0.398647,0.686790,calls/second,milliseconds
1779273449,125,518.091769,3.972197,3.097073,7.256036,3.527305,3.700965,8.646077,8.733321,9.848706,12.531220,0.254094,0.247976,0.398647,0.686790,calls/second,milliseconds
1779273450,130,518.091769,4.061625,3.097073,6.332693,3.658963,4.309564,4.624130,8.733321,8.733520,12.531220,0.263721,0.247976,0.398647,0.686790,calls/second,milliseconds
1779273451,130,518.091769,4.061625,3.097073,6.332693,3.658963,4.309564,4.624130,8.733321,8.733520,12.531220,0.263186,0.247976,0.398647,0.686790,calls/second,milliseconds
1779273452,130,518.091769,4.061625,3.097073,6.332693,3.658963,4.309564,4.624130,8.733321,8.733520,12.531220,0.262654,0.247976,0.398647,0.686790,calls/second,milliseconds
1779273453,130,518.091769,4.061625,3.097073,6.332693,3.658963,4.309564,4.624130,8.733321,8.733520,12.531220,0.262124,0.308105,0.408586,0.688525,calls/second,milliseconds
1779273454,130,518.091769,4.061625,3.097073,6.332693,3.658963,4.309564,4.624130,8.733321,8.733520,12.531220,0.261595,0.308105,0.408586,0.688525,calls/second,milliseconds
1779273455,130,518.091769,4.061625,3.097073,6.332693,3.658963,4.309564,4.624130,8.733321,8.733520,12.531220,0.261069,0.308105,0.408586,0.688525,calls/second,milliseconds
1779273456,130,518.091769,4.061625,3.097073,6.332693,3.658963,4.309564,4.624130,8.733321,8.733520,12.531220,0.260545,0.308105,0.408586,0.688525,calls/second,milliseconds
1779273457,130,518.091769,4.061625,3.097073,6.332693,3.658963,4.309564,4.624130,8.733321,8.733520,12.531220,0.260023,0.308105,0.408586,0.688525,calls/second,milliseconds
1779273458,130,518.091769,4.061625,3.097073,6.332693,3.658963,4.309564,4.624130,8.733321,8.733520,12.531220,0.259504,0.283470,0.401833,0.684711,calls/second,milliseconds
1779273459,130,518.091769,4.061625,3.097073,6.332693,3.658963,4.309564,4.624130,8.733321,8.733520,12.531220,0.258986,0.283470,0.401833,0.684711,calls/second,milliseconds
1779273460,135,518.091769,3.887996,3.097073,5.612695,3.522563,4.101160,4.578479,8.687088,8.733520,12.531220,0.268411,0.283470,0.401833,0.684711,calls/second,milliseconds
1779273461,135,518.091769,3.887996,3.097073,5.612695,3.522563,4.101160,4.578479,8.687088,8.733520,12.531220,0.267878,0.283470,0.401833,0.684711,calls/second,milliseconds
1779273462,135,518.091769,3.887996,3.097073,5.612695,3.522563,4.101160,4.578479,8.687088,8.733520,12.531220,0.267346,0.283470,0.401833,0.684711,calls/second,milliseconds
1779273463,135,518.091769,3.887996,3.097073,5.612695,3.522563,4.101160,4.578479,8.687088,8.733520,12.531220,0.266817,0.340761,0.411720,0.686458,calls/second,milliseconds
1779273464,135,518.091769,3.887996,3.097073,5.612695,3.522563,4.101160,4.578479,8.687088,8.733520,12.531220,0.266289,0.340761,0.411720,0.686458,calls/second,milliseconds
1779273465,135,518.091769,3.887996,3.097073,5.612695,3.522563,4.101160,4.578479,8.687088,8.733520,12.531220,0.265764,0.340761,0.411720,0.686458,calls/second,milliseconds
1779273466,135,518.091769,3.887996,3.097073,5.612695,3.522563,4.101160,4.578479,8.687088,8.733520,12.531220,0.265241,0.340761,0.411720,0.686458,calls/second,milliseconds
1779273467,135,518.091769,3.887996,3.097073,5.612695,3.522563,4.101160,4.578479,8.687088,8.733520,12.531220,0.264720,0.340761,0.411720,0.686458,calls/second,milliseconds
1779273468,135,518.091769,3.887996,3.097073,5.612695,3.522563,4.101160,4.578479,8.687088,8.733520,12.531220,0.264201,0.313515,0.404914,0.682654,calls/second,milliseconds
1779273469,135,518.091769,3.887996,3.097073,5.612695,3.522563,4.101160,4.578479,8.687088,8.733520,12.531220,0.263684,0.313515,0.404914,0.682654,calls/second,milliseconds
1779273470,135,518.091769,3.887996,3.097073,5.612695,3.522563,4.101160,4.578479,8.687088,8.733520,12.531220,0.263170,0.313515,0.404914,0.682654,calls/second,milliseconds
1779273471,135,518.091769,3.887996,3.097073,5.612695,3.522563,4.101160,4.578479,8.687088,8.733520,12.531220,0.262657,0.313515,0.404914,0.682654,calls/second,milliseconds
1779273472,135,518.091769,3.887996,3.097073,5.612695,3.522563,4.101160,4.578479,8.687088,8.733520,12.531220,0.262146,0.313515,0.404914,0.682654,calls/second,milliseconds
1779273473,135,518.091769,3.887996,3.097073,5.612695,3.522563,4.101160,4.578479,8.687088,8.733520,12.531220,0.261637,0.288448,0.398222,0.678872,calls/second,milliseconds
1779273474,135,518.091769,3.887996,3.097073,5.612695,3.522563,4.101160,4.578479,8.687088,8.733520,12.531220,0.261130,0.288448,0.398222,0.678872,calls/second,milliseconds
1779273475,135,518.091769,3.887996,3.097073,5.612695,3.522563,4.101160,4.578479,8.687088,8.733520,12.531220,0.260625,0.288448,0.398222,0.678872,calls/second,milliseconds
1779273476,135,518.091769,3.887996,3.097073,5.612695,3.522563,4.101160,4.578479,8.687088,8.733520,12.531220,0.260122,0.288448,0.398222,0.678872,calls/second,milliseconds
1779273477,135,518.091769,3.887996,3.097073,5.612695,3.522563,4.101160,4.578479,8.687088,8.733520,12.531220,0.259621,0.288448,0.398222,0.678872,calls/second,milliseconds
1779273478,135,518.091769,3.887996,3.097073,5.612695,3.522563,4.101160,4.578479,8.687088,8.733520,12.531220,0.259122,0.265385,0.391640,0.675111,calls/second,milliseconds
1779273479,135,518.091769,3.887996,3.097073,5.612695,3.522563,4.101160,4.578479,8.687088,8.733520,12.531220,0.258625,0.265385,0.391640,0.675111,calls/second,milliseconds
1779273480,135,518.091769,3.887996,3.097073,5.612695,3.522563,4.101160,4.578479,8.687088,8.733520,12.531220,0.258130,0.265385,0.391640,0.675111,calls/second,milliseconds
1779273481,135,518.091769,3.887996,3.097073,5.612695,3.522563,4.101160,4.578479,8.687088,8.733520,12.531220,0.257636,0.265385,0.391640,0.675111,calls/second,milliseconds
1779273482,135,518.091769,3.887996,3.097073,5.612695,3.522563,4.101160,4.578479,8.687088,8.733520,12.531220,0.257145,0.265385,0.391640,0.675111,calls/second,milliseconds
1779273483,135,518.091769,3.887996,3.097073,5.612695,3.522563,4.101160,4.578479,8.687088,8.733520,12.531220,0.256655,0.244166,0.385167,0.671371,calls/second,milliseconds
1779273484,135,518.091769,3.887996,3.097073,5.612695,3.522563,4.101160,4.578479,8.687088,8.733520,12.531220,0.256167,0.244166,0.385167,0.671371,calls/second,milliseconds
1779273485,135,518.091769,3.887996,3.097073,5.612695,3.522563,4.101160,4.578479,8.687088,8.733520,12.531220,0.255681,0.244166,0.385167,0.671371,calls/second,milliseconds
1779273486,135,518.091769,3.887996,3.097073,5.612695,3.522563,4.101160,4.578479,8.687088,8.733520,12.531220,0.255197,0.244166,0.385167,0.671371,calls/second,milliseconds
1779273487,135,518.091769,3.887996,3.097073,5.612695,3.522563,4.101160,4.578479,8.687088,8.733520,12.531220,0.254715,0.224643,0.378800,0.667652,calls/second,milliseconds
1779273488,135,518.091769,3.887996,3.097073,5.612695,3.522563,4.101160,4.578479,8.687088,8.733520,12.531220,0.254234,0.224643,0.378800,0.667652,calls/second,milliseconds
1779273489,135,518.091769,3.887996,3.097073,5.612695,3.522563,4.101160,4.578479,8.687088,8.733520,12.531220,0.253756,0.224643,0.378800,0.667652,calls/second,milliseconds
1779273490,135,518.091769,3.887996,3.097073,5.612695,3.522563,4.101160,4.578479,8.687088,8.733520,12.531220,0.253279,0.224643,0.378800,0.667652,calls/second,milliseconds
1779273491,135,518.091769,3.887996,3.097073,5.612695,3.522563,4.101160,4.578479,8.687088,8.733520,12.531220,0.252804,0.224643,0.378800,0.667652,calls/second,milliseconds
1779273492,135,518.091769,3.887996,3.097073,5.612695,3.522563,4.101160,4.578479,8.687088,8.733520,12.531220,0.252331,0.206682,0.372539,0.663953,calls/second,milliseconds
1779273493,135,518.091769,3.887996,3.097073,5.612695,3.522563,4.101160,4.578479,8.687088,8.733520,12.531220,0.251859,0.206682,0.372539,0.663953,calls/second,milliseconds
1779273494,135,518.091769,3.887996,3.097073,5.612695,3.522563,4.101160,4.578479,8.687088,8.733520,12.531220,0.251389,0.206682,0.372539,0.663953,calls/second,milliseconds
1779273495,135,518.091769,3.887996,3.097073,5.612695,3.522563,4.101160,4.578479,8.687088,8.733520,12.531220,0.250922,0.206682,0.372539,0.663953,calls/second,milliseconds
1779273496,135,518.091769,3.887996,3.097073,5.612695,3.522563,4.101160,4.578479,8.687088,8.733520,12.531220,0.250455,0.206682,0.372539,0.663953,calls/second,milliseconds
1779273497,135,518.091769,3.887996,3.097073,5.612695,3.522563,4.101160,4.578479,8.687088,8.733520,12.531220,0.249991,0.190156,0.366382,0.660274,calls/second,milliseconds
1779273498,135,518.091769,3.887996,3.097073,5.612695,3.522563,4.101160,4.578479,8.687088,8.733520,12.531220,0.249528,0.190156,0.366382,0.660274,calls/second,milliseconds
1779273499,135,518.091769,3.887996,3.097073,5.612695,3.522563,4.101160,4.578479,8.687088,8.733520,12.531220,0.249067,0.190156,0.366382,0.660274,calls/second,milliseconds
1779273500,135,518.091769,3.887996,3.097073,5.612695,3.522563,4.101160,4.578479,8.687088,8.733520,12.531220,0.248607,0.190156,0.366382,0.660274,calls/second,milliseconds
1779273501,135,518.091769,3.887996,3.097073,5.612695,3.522563,4.101160,4.578479,8.687088,8.733520,12.531220,0.248150,0.190156,0.366382,0.660274,calls/second,milliseconds
1779273502,135,518.091769,3.887996,3.097073,5.612695,3.522563,4.101160,4.578479,8.687088,8.733520,12.531220,0.247694,0.174952,0.360326,0.656616,calls/second,milliseconds
1779273503,135,518.091769,3.887996,3.097073,5.612695,3.522563,4.101160,4.578479,8.687088,8.733520,12.531220,0.247239,0.174952,0.360326,0.656616,calls/second,milliseconds
1779273504,135,518.091769,3.887996,3.097073,5.612695,3.522563,4.101160,4.578479,8.687088,8.733520,12.531220,0.246787,0.174952,0.360326,0.656616,calls/second,milliseconds
1779273505,135,518.091769,3.887996,3.097073,5.612695,3.522563,4.101160,4.578479,8.687088,8.733520,12.531220,0.246336,0.174952,0.360326,0.656616,calls/second,milliseconds
1779273506,135,518.091769,3.887996,3.097073,5.612695,3.522563,4.101160,4.578479,8.687088,8.733520,12.531220,0.245886,0.174952,0.360326,0.656616,calls/second,milliseconds
1779273507,135,518.091769,3.887996,3.097073,5.612695,3.522563,4.101160,4.578479,8.687088,8.733520,12.531220,0.245439,0.160964,0.354370,0.652979,calls/second,milliseconds
1779273508,135,518.091769,3.887996,3.097073,5.612695,3.522563,4.101160,4.578479,8.687088,8.733520,12.531220,0.244993,0.160964,0.354370,0.652979,calls/second,milliseconds
1779273509,135,518.091769,3.887996,3.097073,5.612695,3.522563,4.101160,4.578479,8.687088,8.733520,12.531220,0.244548,0.160964,0.354370,0.652979,calls/second,milliseconds
1779273510,135,518.091769,3.887996,3.097073,5.612695,3.522563,4.101160,4.578479,8.687088,8.733520,12.531220,0.244105,0.160964,0.354370,0.652979,calls/second,milliseconds
1779273511,135,518.091769,3.887996,3.097073,5.612695,3.522563,4.101160,4.578479,8.687088,8.733520,12.531220,0.243664,0.160964,0.354370,0.652979,calls/second,milliseconds
1779273512,140,518.091769,4.126513,3.097073,4.636294,3.927936,4.597000,4.676286,8.646077,8.733321,12.446146,0.252232,0.228050,0.365042,0.654901,calls/second,milliseconds
1779273513,140,518.091769,4.126513,3.097073,4.636294,3.927936,4.597000,4.676286,8.646077,8.733321,12.446146,0.251778,0.228050,0.365042,0.654901,calls/second,milliseconds
1779273514,140,518.091769,4.126513,3.097073,4.636294,3.927936,4.597000,4.676286,8.646077,8.733321,12.446146,0.251326,0.228050,0.365042,0.654901,calls/second,milliseconds
1779273515,140,518.091769,4.126513,3.097073,4.636294,3.927936,4.597000,4.676286,8.646077,8.733321,12.446146,0.250874,0.228050,0.365042,0.654901,calls/second,milliseconds
1779273516,140,518.091769,4.126513,3.097073,4.636294,3.927936,4.597000,4.676286,8.646077,8.733321,12.446146,0.250425,0.228050,0.365042,0.654901,calls/second,milliseconds
1779273517,140,518.091769,4.126513,3.097073,4.636294,3.927936,4.597000,4.676286,8.646077,8.733321,12.446146,0.249977,0.209816,0.359008,0.651273,calls/second,milliseconds
1779273518,140,518.091769,4.126513,3.097073,4.636294,3.927936,4.597000,4.676286,8.646077,8.733321,12.446146,0.249531,0.209816,0.359008,0.651273,calls/second,milliseconds
1779273519,140,518.091769,4.126513,3.097073,4.636294,3.927936,4.597000,4.676286,8.646077,8.733321,12.446146,0.249086,0.209816,0.359008,0.651273,calls/second,milliseconds
1779273520,140,518.091769,4.126513,3.097073,4.636294,3.927936,4.597000,4.676286,8.646077,8.733321,12.446146,0.248643,0.209816,0.359008,0.651273,calls/second,milliseconds
1779273521,140,518.091769,4.126513,3.097073,4.636294,3.927936,4.597000,4.676286,8.646077,8.733321,12.446146,0.248202,0.209816,0.359008,0.651273,calls/second,milliseconds
1779273522,145,518.091769,3.834222,2.988445,3.984841,3.471658,4.595647,4.676286,4.676286,8.687088,12.446146,0.256611,0.272995,0.369603,0.653205,calls/second,milliseconds
1779273523,145,518.091769,3.834222,2.988445,3.984841,3.471658,4.595647,4.676286,4.676286,8.687088,12.446146,0.256156,0.272995,0.369603,0.653205,calls/second,milliseconds
1779273524,145,518.091769,3.834222,2.988445,3.984841,3.471658,4.595647,4.676286,4.676286,8.687088,12.446146,0.255704,0.272995,0.369603,0.653205,calls/second,milliseconds
1779273525,145,518.091769,3.834222,2.988445,3.984841,3.471658,4.595647,4.676286,4.676286,8.687088,12.446146,0.255253,0.272995,0.369603,0.653205,calls/second,milliseconds
1779273526,145,518.091769,3.834222,2.988445,3.984841,3.471658,4.595647,4.676286,4.676286,8.687088,12.446146,0.254804,0.272995,0.369603,0.653205,calls/second,milliseconds
1779273527,145,518.091769,3.834222,2.988445,3.984841,3.471658,4.595647,4.676286,4.676286,8.687088,12.446146,0.254356,0.251168,0.363494,0.649586,calls/second,milliseconds
1779273528,145,518.091769,3.834222,2.988445,3.984841,3.471658,4.595647,4.676286,4.676286,8.687088,12.446146,0.253910,0.251168,0.363494,0.649586,calls/second,milliseconds
1779273529,145,518.091769,3.834222,2.988445,3.984841,3.471658,4.595647,4.676286,4.676286,8.687088,12.446146,0.253466,0.251168,0.363494,0.649586,calls/second,milliseconds
1779273530,145,518.091769,3.834222,2.988445,3.984841,3.471658,4.595647,4.676286,4.676286,8.687088,12.446146,0.253023,0.251168,0.363494,0.649586,calls/second,milliseconds
1779273531,145,518.091769,3.834222,2.988445,3.984841,3.471658,4.595647,4.676286,4.676286,8.687088,12.446146,0.252582,0.251168,0.363494,0.649586,calls/second,milliseconds
1779273532,145,518.091769,3.834222,2.988445,3.984841,3.471658,4.595647,4.676286,4.676286,8.687088,12.446146,0.252142,0.231086,0.357486,0.645987,calls/second,milliseconds
1779273533,145,518.091769,3.834222,2.988445,3.984841,3.471658,4.595647,4.676286,4.676286,8.687088,12.446146,0.251703,0.231086,0.357486,0.645987,calls/second,milliseconds
1779273534,145,518.091769,3.834222,2.988445,3.984841,3.471658,4.595647,4.676286,4.676286,8.687088,12.446146,0.251267,0.231086,0.357486,0.645987,calls/second,milliseconds
1779273535,145,518.091769,3.834222,2.988445,3.984841,3.471658,4.595647,4.676286,4.676286,8.687088,12.446146,0.250831,0.231086,0.357486,0.645987,calls/second,milliseconds
1779273536,145,518.091769,3.834222,2.988445,3.984841,3.471658,4.595647,4.676286,4.676286,8.687088,12.446146,0.250397,0.231086,0.357486,0.645987,calls/second,milliseconds
1779273537,145,518.091769,3.834222,2.988445,3.984841,3.471658,4.595647,4.676286,4.676286,8.687088,12.446146,0.249965,0.212609,0.351577,0.642408,calls/second,milliseconds
1779273538,145,518.091769,3.834222,2.988445,3.984841,3.471658,4.595647,4.676286,4.676286,8.687088,12.446146,0.249534,0.212609,0.351577,0.642408,calls/second,milliseconds
1779273539,145,518.091769,3.834222,2.988445,3.984841,3.471658,4.595647,4.676286,4.676286,8.687088,12.446146,0.249104,0.212609,0.351577,0.642408,calls/second,milliseconds
1779273540,145,518.091769,3.834222,2.988445,3.984841,3.471658,4.595647,4.676286,4.676286,8.687088,12.446146,0.248676,0.212609,0.351577,0.642408,calls/second,milliseconds
1779273541,145,518.091769,3.834222,2.988445,3.984841,3.471658,4.595647,4.676286,4.676286,8.687088,12.446146,0.248249,0.212609,0.351577,0.642408,calls/second,milliseconds
1779273542,145,518.091769,3.834222,2.988445,3.984841,3.471658,4.595647,4.676286,4.676286,8.687088,12.446146,0.247824,0.195610,0.345766,0.638849,calls/second,milliseconds
1779273543,145,518.091769,3.834222,2.988445,3.984841,3.471658,4.595647,4.676286,4.676286,8.687088,12.446146,0.247401,0.195610,0.345766,0.638849,calls/second,milliseconds
1779273544,145,518.091769,3.834222,2.988445,3.984841,3.471658,4.595647,4.676286,4.676286,8.687088,12.446146,0.246979,0.195610,0.345766,0.638849,calls/second,milliseconds
1779273545,145,518.091769,3.834222,2.988445,3.984841,3.471658,4.595647,4.676286,4.676286,8.687088,12.446146,0.246558,0.195610,0.345766,0.638849,calls/second,milliseconds
1779273546,145,518.091769,3.834222,2.988445,3.984841,3.471658,4.595647,4.676286,4.676286,8.687088,12.446146,0.246139,0.195610,0.345766,0.638849,calls/second,milliseconds
1779273547,145,518.091769,3.834222,2.988445,3.984841,3.471658,4.595647,4.676286,4.676286,8.687088,12.446146,0.245721,0.179970,0.340051,0.635310,calls/second,milliseconds
1779273548,145,518.091769,3.834222,2.988445,3.984841,3.471658,4.595647,4.676286,4.676286,8.687088,12.446146,0.245305,0.179970,0.340051,0.635310,calls/second,milliseconds
1779273549,150,518.091769,3.840119,2.988445,3.358606,3.805481,4.263521,4.643657,4.676286,8.646077,12.356837,0.253334,0.179970,0.340051,0.635310,calls/second,milliseconds
1779273550,150,518.091769,3.840119,2.988445,3.358606,3.805481,4.263521,4.643657,4.676286,8.646077,12.356837,0.252907,0.179970,0.340051,0.635310,calls/second,milliseconds
1779273551,150,518.091769,3.840119,2.988445,3.358606,3.805481,4.263521,4.643657,4.676286,8.646077,12.356837,0.252480,0.179970,0.340051,0.635310,calls/second,milliseconds
1779273552,150,518.091769,3.840119,2.988445,3.358606,3.805481,4.263521,4.643657,4.676286,8.646077,12.356837,0.252056,0.245536,0.350959,0.637330,calls/second,milliseconds
1779273553,150,518.091769,3.840119,2.988445,3.358606,3.805481,4.263521,4.643657,4.676286,8.646077,12.356837,0.251632,0.245536,0.350959,0.637330,calls/second,milliseconds
1779273554,150,518.091769,3.840119,2.988445,3.358606,3.805481,4.263521,4.643657,4.676286,8.646077,12.356837,0.251210,0.245536,0.350959,0.637330,calls/second,milliseconds
1779273555,150,518.091769,3.840119,2.988445,3.358606,3.805481,4.263521,4.643657,4.676286,8.646077,12.356837,0.250789,0.245536,0.350959,0.637330,calls/second,milliseconds
1779273556,150,518.091769,3.840119,2.988445,3.358606,3.805481,4.263521,4.643657,4.676286,8.646077,12.356837,0.250370,0.245536,0.350959,0.637330,calls/second,milliseconds
1779273557,150,518.091769,3.840119,2.988445,3.358606,3.805481,4.263521,4.643657,4.676286,8.646077,12.356837,0.249952,0.225904,0.345158,0.633800,calls/second,milliseconds
1779273558,150,518.091769,3.840119,2.988445,3.358606,3.805481,4.263521,4.643657,4.676286,8.646077,12.356837,0.249535,0.225904,0.345158,0.633800,calls/second,milliseconds
1779273559,155,518.091769,3.817052,2.988445,2.905668,3.779235,3.874455,4.643657,4.676286,4.676286,12.347024,0.257424,0.225904,0.345158,0.633800,calls/second,milliseconds
1779273560,155,518.091769,3.817052,2.988445,2.905668,3.779235,3.874455,4.643657,4.676286,4.676286,12.347024,0.256997,0.225904,0.345158,0.633800,calls/second,milliseconds
1779273561,155,518.091769,3.817052,2.988445,2.905668,3.779235,3.874455,4.643657,4.676286,4.676286,12.347024,0.256571,0.225904,0.345158,0.633800,calls/second,milliseconds
1779273562,155,518.091769,3.817052,2.988445,2.905668,3.779235,3.874455,4.643657,4.676286,4.676286,12.347024,0.256146,0.287797,0.355982,0.635828,calls/second,milliseconds
1779273563,155,518.091769,3.817052,2.988445,2.905668,3.779235,3.874455,4.643657,4.676286,4.676286,12.347024,0.255723,0.287797,0.355982,0.635828,calls/second,milliseconds
1779273564,155,518.091769,3.817052,2.988445,2.905668,3.779235,3.874455,4.643657,4.676286,4.676286,12.347024,0.255301,0.287797,0.355982,0.635828,calls/second,milliseconds
1779273565,155,518.091769,3.817052,2.988445,2.905668,3.779235,3.874455,4.643657,4.676286,4.676286,12.347024,0.254881,0.287797,0.355982,0.635828,calls/second,milliseconds
1779273566,155,518.091769,3.817052,2.988445,2.905668,3.779235,3.874455,4.643657,4.676286,4.676286,12.347024,0.254462,0.287797,0.355982,0.635828,calls/second,milliseconds
1779273567,155,518.091769,3.817052,2.988445,2.905668,3.779235,3.874455,4.643657,4.676286,4.676286,12.347024,0.254044,0.264786,0.350098,0.632306,calls/second,milliseconds
1779273568,155,518.091769,3.817052,2.988445,2.905668,3.779235,3.874455,4.643657,4.676286,4.676286,12.347024,0.253628,0.264786,0.350098,0.632306,calls/second,milliseconds
1779273569,155,518.091769,3.817052,2.988445,2.905668,3.779235,3.874455,4.643657,4.676286,4.676286,12.347024,0.253213,0.264786,0.350098,0.632306,calls/second,milliseconds
1779273570,155,518.091769,3.817052,2.988445,2.905668,3.779235,3.874455,4.643657,4.676286,4.676286,12.347024,0.252799,0.264786,0.350098,0.632306,calls/second,milliseconds
1779273571,155,518.091769,3.817052,2.988445,2.905668,3.779235,3.874455,4.643657,4.676286,4.676286,12.347024,0.252387,0.264786,0.350098,0.632306,calls/second,milliseconds
1779273572,155,518.091769,3.817052,2.988445,2.905668,3.779235,3.874455,4.643657,4.676286,4.676286,12.347024,0.251976,0.243615,0.344311,0.628803,calls/second,milliseconds
1779273573,155,518.091769,3.817052,2.988445,2.905668,3.779235,3.874455,4.643657,4.676286,4.676286,12.347024,0.251566,0.243615,0.344311,0.628803,calls/second,milliseconds
1779273574,155,518.091769,3.817052,2.988445,2.905668,3.779235,3.874455,4.643657,4.676286,4.676286,12.347024,0.251158,0.243615,0.344311,0.628803,calls/second,milliseconds
1779273575,155,518.091769,3.817052,2.988445,2.905668,3.779235,3.874455,4.643657,4.676286,4.676286,12.347024,0.250751,0.243615,0.344311,0.628803,calls/second,milliseconds
1779273576,160,518.091769,3.707404,2.988445,2.531700,3.646480,3.846548,4.637007,4.676286,4.676286,12.254219,0.258421,0.243615,0.344311,0.628803,calls/second,milliseconds
1779273577,160,518.091769,3.707404,2.988445,2.531700,3.646480,3.846548,4.637007,4.676286,4.676286,12.254219,0.258004,0.304092,0.355149,0.630859,calls/second,milliseconds
1779273578,160,518.091769,3.707404,2.988445,2.531700,3.646480,3.846548,4.637007,4.676286,4.676286,12.254219,0.257588,0.304092,0.355149,0.630859,calls/second,milliseconds
1779273579,160,518.091769,3.707404,2.988445,2.531700,3.646480,3.846548,4.637007,4.676286,4.676286,12.254219,0.257173,0.304092,0.355149,0.630859,calls/second,milliseconds
1779273580,160,518.091769,3.707404,2.988445,2.531700,3.646480,3.846548,4.637007,4.676286,4.676286,12.254219,0.256760,0.304092,0.355149,0.630859,calls/second,milliseconds
1779273581,160,518.091769,3.707404,2.988445,2.531700,3.646480,3.846548,4.637007,4.676286,4.676286,12.254219,0.256348,0.304092,0.355149,0.630859,calls/second,milliseconds
1779273582,160,518.091769,3.707404,2.988445,2.531700,3.646480,3.846548,4.637007,4.676286,4.676286,12.254219,0.255937,0.279778,0.349279,0.627364,calls/second,milliseconds
1779273583,160,518.091769,3.707404,2.988445,2.531700,3.646480,3.846548,4.637007,4.676286,4.676286,12.254219,0.255528,0.279778,0.349279,0.627364,calls/second,milliseconds
1779273584,160,518.091769,3.707404,2.988445,2.531700,3.646480,3.846548,4.637007,4.676286,4.676286,12.254219,0.255120,0.279778,0.349279,0.627364,calls/second,milliseconds
1779273585,160,518.091769,3.707404,2.988445,2.531700,3.646480,3.846548,4.637007,4.676286,4.676286,12.254219,0.254713,0.279778,0.349279,0.627364,calls/second,milliseconds
1779273586,165,518.091769,3.584501,2.988445,2.245389,3.382252,3.805481,4.624130,4.676286,4.676286,8.733520,0.262255,0.279778,0.349279,0.627364,calls/second,milliseconds
1779273587,165,518.091769,3.584501,2.988445,2.245389,3.382252,3.805481,4.624130,4.676286,4.676286,8.733520,0.261838,0.337364,0.360034,0.629429,calls/second,milliseconds
1779273588,165,518.091769,3.584501,2.988445,2.245389,3.382252,3.805481,4.624130,4.676286,4.676286,8.733520,0.261423,0.337364,0.360034,0.629429,calls/second,milliseconds
1779273589,165,518.091769,3.584501,2.988445,2.245389,3.382252,3.805481,4.624130,4.676286,4.676286,8.733520,0.261009,0.337364,0.360034,0.629429,calls/second,milliseconds
1779273590,165,518.091769,3.584501,2.988445,2.245389,3.382252,3.805481,4.624130,4.676286,4.676286,8.733520,0.260596,0.337364,0.360034,0.629429,calls/second,milliseconds
1779273591,165,518.091769,3.584501,2.988445,2.245389,3.382252,3.805481,4.624130,4.676286,4.676286,8.733520,0.260184,0.337364,0.360034,0.629429,calls/second,milliseconds
1779273592,165,518.091769,3.584501,2.988445,2.245389,3.382252,3.805481,4.624130,4.676286,4.676286,8.733520,0.259774,0.310390,0.354083,0.625941,calls/second,milliseconds
1779273593,165,518.091769,3.584501,2.988445,2.245389,3.382252,3.805481,4.624130,4.676286,4.676286,8.733520,0.259365,0.310390,0.354083,0.625941,calls/second,milliseconds
1779273594,165,518.091769,3.584501,2.988445,2.245389,3.382252,3.805481,4.624130,4.676286,4.676286,8.733520,0.258958,0.310390,0.354083,0.625941,calls/second,milliseconds
1779273595,165,518.091769,3.584501,2.988445,2.245389,3.382252,3.805481,4.624130,4.676286,4.676286,8.733520,0.258551,0.310390,0.354083,0.625941,calls/second,milliseconds
1779273596,165,518.091769,3.584501,2.988445,2.245389,3.382252,3.805481,4.624130,4.676286,4.676286,8.733520,0.258146,0.310390,0.354083,0.625941,calls/second,milliseconds
1779273597,165,518.091769,3.584501,2.988445,2.245389,3.382252,3.805481,4.624130,4.676286,4.676286,8.733520,0.257742,0.285572,0.348231,0.622474,calls/second,milliseconds
1779273598,165,518.091769,3.584501,2.988445,2.245389,3.382252,3.805481,4.624130,4.676286,4.676286,8.733520,0.257339,0.285572,0.348231,0.622474,calls/second,milliseconds
1779273599,165,518.091769,3.584501,2.988445,2.245389,3.382252,3.805481,4.624130,4.676286,4.676286,8.733520,0.256938,0.285572,0.348231,0.622474,calls/second,milliseconds
1779273600,165,518.091769,3.584501,2.988445,2.245389,3.382252,3.805481,4.624130,4.676286,4.676286,8.733520,0.256538,0.285572,0.348231,0.622474,calls/second,milliseconds
1779273601,165,518.091769,3.584501,2.988445,2.245389,3.382252,3.805481,4.624130,4.676286,4.676286,8.733520,0.256139,0.285572,0.348231,0.622474,calls/second,milliseconds
1779273602,165,518.091769,3.584501,2.988445,2.245389,3.382252,3.805481,4.624130,4.676286,4.676286,8.733520,0.255742,0.262739,0.342475,0.619025,calls/second,milliseconds
1779273603,165,518.091769,3.584501,2.988445,2.245389,3.382252,3.805481,4.624130,4.676286,4.676286,8.733520,0.255345,0.262739,0.342475,0.619025,calls/second,milliseconds
1779273604,165,518.091769,3.584501,2.988445,2.245389,3.382252,3.805481,4.624130,4.676286,4.676286,8.733520,0.254950,0.262739,0.342475,0.619025,calls/second,milliseconds
1779273605,165,518.091769,3.584501,2.988445,2.245389,3.382252,3.805481,4.624130,4.676286,4.676286,8.733520,0.254556,0.262739,0.342475,0.619025,calls/second,milliseconds
1779273606,165,518.091769,3.584501,2.988445,2.245389,3.382252,3.805481,4.624130,4.676286,4.676286,8.733520,0.254164,0.262739,0.342475,0.619025,calls/second,milliseconds
1779273607,165,518.091769,3.584501,2.988445,2.245389,3.382252,3.805481,4.624130,4.676286,4.676286,8.733520,0.253772,0.241732,0.336814,0.615596,calls/second,milliseconds
1779273608,170,518.091769,3.590816,2.988445,1.963091,3.588770,3.777057,4.595647,4.643657,4.676286,8.733520,0.261060,0.241732,0.336814,0.615596,calls/second,milliseconds
1779273609,170,518.091769,3.590816,2.988445,1.963091,3.588770,3.777057,4.595647,4.643657,4.676286,8.733520,0.260659,0.241732,0.336814,0.615596,calls/second,milliseconds
1779273610,170,518.091769,3.590816,2.988445,1.963091,3.588770,3.777057,4.595647,4.643657,4.676286,8.733520,0.260260,0.241732,0.336814,0.615596,calls/second,milliseconds
1779273611,170,518.091769,3.590816,2.988445,1.963091,3.588770,3.777057,4.595647,4.643657,4.676286,8.733520,0.259861,0.241732,0.336814,0.615596,calls/second,milliseconds
1779273612,170,518.091769,3.590816,2.988445,1.963091,3.588770,3.777057,4.595647,4.643657,4.676286,8.733520,0.259464,0.302360,0.347776,0.617725,calls/second,milliseconds
1779273613,170,518.091769,3.590816,2.988445,1.963091,3.588770,3.777057,4.595647,4.643657,4.676286,8.733520,0.259068,0.302360,0.347776,0.617725,calls/second,milliseconds
1779273614,170,518.091769,3.590816,2.988445,1.963091,3.588770,3.777057,4.595647,4.643657,4.676286,8.733520,0.258673,0.302360,0.347776,0.617725,calls/second,milliseconds
1779273615,170,518.091769,3.590816,2.988445,1.963091,3.588770,3.777057,4.595647,4.643657,4.676286,8.733520,0.258279,0.302360,0.347776,0.617725,calls/second,milliseconds
1779273616,170,518.091769,3.590816,2.988445,1.963091,3.588770,3.777057,4.595647,4.643657,4.676286,8.733520,0.257887,0.302360,0.347776,0.617725,calls/second,milliseconds
1779273617,170,518.091769,3.590816,2.988445,1.963091,3.588770,3.777057,4.595647,4.643657,4.676286,8.733520,0.257496,0.278184,0.342028,0.614303,calls/second,milliseconds
1779273618,175,518.091769,3.611229,2.988445,1.739921,3.614195,3.699161,4.426834,4.643657,4.676286,8.733520,0.264668,0.278184,0.342028,0.614303,calls/second,milliseconds
1779273619,175,518.091769,3.611229,2.988445,1.739921,3.614195,3.699161,4.426834,4.643657,4.676286,8.733520,0.264268,0.278184,0.342028,0.614303,calls/second,milliseconds
1779273620,175,518.091769,3.611229,2.988445,1.739921,3.614195,3.699161,4.426834,4.643657,4.676286,8.733520,0.263868,0.278184,0.342028,0.614303,calls/second,milliseconds
1779273621,175,518.091769,3.611229,2.988445,1.739921,3.614195,3.699161,4.426834,4.643657,4.676286,8.733520,0.263470,0.278184,0.342028,0.614303,calls/second,milliseconds
1779273622,175,518.091769,3.611229,2.988445,1.739921,3.614195,3.699161,4.426834,4.643657,4.676286,8.733520,0.263074,0.335898,0.352903,0.616440,calls/second,milliseconds
1779273623,175,518.091769,3.611229,2.988445,1.739921,3.614195,3.699161,4.426834,4.643657,4.676286,8.733520,0.262678,0.335898,0.352903,0.616440,calls/second,milliseconds
1779273624,175,518.091769,3.611229,2.988445,1.739921,3.614195,3.699161,4.426834,4.643657,4.676286,8.733520,0.262284,0.335898,0.352903,0.616440,calls/second,milliseconds
1779273625,180,518.091769,3.455519,2.667647,1.595966,3.570256,3.695658,4.309564,4.637007,4.643657,8.733321,0.269374,0.335898,0.352903,0.616440,calls/second,milliseconds
1779273626,180,518.091769,3.455519,2.667647,1.595966,3.570256,3.695658,4.309564,4.637007,4.643657,8.733321,0.268970,0.335898,0.352903,0.616440,calls/second,milliseconds
1779273627,180,518.091769,3.455519,2.667647,1.595966,3.570256,3.695658,4.309564,4.637007,4.643657,8.733321,0.268569,0.388996,0.363599,0.618565,calls/second,milliseconds
1779273628,180,518.091769,3.455519,2.667647,1.595966,3.570256,3.695658,4.309564,4.637007,4.643657,8.733321,0.268168,0.388996,0.363599,0.618565,calls/second,milliseconds
1779273629,180,518.091769,3.455519,2.667647,1.595966,3.570256,3.695658,4.309564,4.637007,4.643657,8.733321,0.267768,0.388996,0.363599,0.618565,calls/second,milliseconds
1779273630,180,518.091769,3.455519,2.667647,1.595966,3.570256,3.695658,4.309564,4.637007,4.643657,8.733321,0.267370,0.388996,0.363599,0.618565,calls/second,milliseconds
1779273631,180,518.091769,3.455519,2.667647,1.595966,3.570256,3.695658,4.309564,4.637007,4.643657,8.733321,0.266973,0.388996,0.363599,0.618565,calls/second,milliseconds
1779273632,180,518.091769,3.455519,2.667647,1.595966,3.570256,3.695658,4.309564,4.637007,4.643657,8.733321,0.266577,0.357894,0.357589,0.615138,calls/second,milliseconds
1779273633,180,518.091769,3.455519,2.667647,1.595966,3.570256,3.695658,4.309564,4.637007,4.643657,8.733321,0.266182,0.357894,0.357589,0.615138,calls/second,milliseconds
1779273635,180,518.091769,3.455519,2.667647,1.595966,3.570256,3.695658,4.309564,4.637007,4.643657,8.733321,0.265788,0.357894,0.357589,0.615138,calls/second,milliseconds
1779273636,185,518.091769,3.412605,2.667647,1.445467,3.357980,3.677081,3.886672,4.597000,4.643657,8.733321,0.272768,0.357894,0.357589,0.615138,calls/second,milliseconds
1779273637,185,518.091769,3.412605,2.667647,1.445467,3.357980,3.677081,3.886672,4.597000,4.643657,8.733321,0.272365,0.357894,0.357589,0.615138,calls/second,milliseconds
1779273638,185,518.091769,3.412605,2.667647,1.445467,3.357980,3.677081,3.886672,4.597000,4.643657,8.733321,0.271965,0.409234,0.368207,0.617270,calls/second,milliseconds
1779273639,185,518.091769,3.412605,2.667647,1.445467,3.357980,3.677081,3.886672,4.597000,4.643657,8.733321,0.271565,0.409234,0.368207,0.617270,calls/second,milliseconds
1779273640,185,518.091769,3.412605,2.667647,1.445467,3.357980,3.677081,3.886672,4.597000,4.643657,8.733321,0.271166,0.409234,0.368207,0.617270,calls/second,milliseconds
1779273641,185,518.091769,3.412605,2.667647,1.445467,3.357980,3.677081,3.886672,4.597000,4.643657,8.733321,0.270769,0.409234,0.368207,0.617270,calls/second,milliseconds
1779273642,185,518.091769,3.412605,2.667647,1.445467,3.357980,3.677081,3.886672,4.597000,4.643657,8.733321,0.270372,0.409234,0.368207,0.617270,calls/second,milliseconds
1779273643,185,518.091769,3.412605,2.667647,1.445467,3.357980,3.677081,3.886672,4.597000,4.643657,8.733321,0.269977,0.376513,0.362121,0.613850,calls/second,milliseconds
1779273644,185,518.091769,3.412605,2.667647,1.445467,3.357980,3.677081,3.886672,4.597000,4.643657,8.733321,0.269583,0.376513,0.362121,0.613850,calls/second,milliseconds
1779273645,185,518.091769,3.412605,2.667647,1.445467,3.357980,3.677081,3.886672,4.597000,4.643657,8.733321,0.269190,0.376513,0.362121,0.613850,calls/second,milliseconds
1779273646,185,518.091769,3.412605,2.667647,1.445467,3.357980,3.677081,3.886672,4.597000,4.643657,8.733321,0.268799,0.376513,0.362121,0.613850,calls/second,milliseconds
1779273647,185,518.091769,3.412605,2.667647,1.445467,3.357980,3.677081,3.886672,4.597000,4.643657,8.733321,0.268407,0.376513,0.362121,0.613850,calls/second,milliseconds
1779273648,185,518.091769,3.412605,2.667647,1.445467,3.357980,3.677081,3.886672,4.597000,4.643657,8.733321,0.268017,0.346409,0.356136,0.610449,calls/second,milliseconds
1779273649,185,518.091769,3.412605,2.667647,1.445467,3.357980,3.677081,3.886672,4.597000,4.643657,8.733321,0.267629,0.346409,0.356136,0.610449,calls/second,milliseconds
1779273650,185,518.091769,3.412605,2.667647,1.445467,3.357980,3.677081,3.886672,4.597000,4.643657,8.733321,0.267242,0.346409,0.356136,0.610449,calls/second,milliseconds
1779273651,185,518.091769,3.412605,2.667647,1.445467,3.357980,3.677081,3.886672,4.597000,4.643657,8.733321,0.266856,0.346409,0.356136,0.610449,calls/second,milliseconds
1779273652,185,518.091769,3.412605,2.667647,1.445467,3.357980,3.677081,3.886672,4.597000,4.643657,8.733321,0.266471,0.346409,0.356136,0.610449,calls/second,milliseconds
1779273653,190,518.091769,3.359550,2.667647,1.304874,3.230205,3.617068,3.874455,4.597000,4.643657,8.687088,0.273278,0.398667,0.366778,0.612608,calls/second,milliseconds
1779273654,190,518.091769,3.359550,2.667647,1.304874,3.230205,3.617068,3.874455,4.597000,4.643657,8.687088,0.272885,0.398667,0.366778,0.612608,calls/second,milliseconds
1779273655,190,518.091769,3.359550,2.667647,1.304874,3.230205,3.617068,3.874455,4.597000,4.643657,8.687088,0.272493,0.398667,0.366778,0.612608,calls/second,milliseconds
1779273656,190,518.091769,3.359550,2.667647,1.304874,3.230205,3.617068,3.874455,4.597000,4.643657,8.687088,0.272102,0.398667,0.366778,0.612608,calls/second,milliseconds
1779273657,190,518.091769,3.359550,2.667647,1.304874,3.230205,3.617068,3.874455,4.597000,4.643657,8.687088,0.271713,0.398667,0.366778,0.612608,calls/second,milliseconds
1779273658,190,518.091769,3.359550,2.667647,1.304874,3.230205,3.617068,3.874455,4.597000,4.643657,8.687088,0.271324,0.366792,0.360716,0.609214,calls/second,milliseconds
1779273659,190,518.091769,3.359550,2.667647,1.304874,3.230205,3.617068,3.874455,4.597000,4.643657,8.687088,0.270937,0.366792,0.360716,0.609214,calls/second,milliseconds
1779273660,190,518.091769,3.359550,2.667647,1.304874,3.230205,3.617068,3.874455,4.597000,4.643657,8.687088,0.270550,0.366792,0.360716,0.609214,calls/second,milliseconds
1779273661,190,518.091769,3.359550,2.667647,1.304874,3.230205,3.617068,3.874455,4.597000,4.643657,8.687088,0.270165,0.366792,0.360716,0.609214,calls/second,milliseconds
1779273662,190,518.091769,3.359550,2.667647,1.304874,3.230205,3.617068,3.874455,4.597000,4.643657,8.687088,0.269781,0.366792,0.360716,0.609214,calls/second,milliseconds
1779273663,195,518.091769,3.335259,2.667647,1.181730,3.235223,3.603291,3.859753,4.595647,4.637007,8.682293,0.276487,0.417420,0.371282,0.611379,calls/second,milliseconds
1779273664,195,518.091769,3.335259,2.667647,1.181730,3.235223,3.603291,3.859753,4.595647,4.637007,8.682293,0.276095,0.417420,0.371282,0.611379,calls/second,milliseconds
1779273665,195,518.091769,3.335259,2.667647,1.181730,3.235223,3.603291,3.859753,4.595647,4.637007,8.682293,0.275704,0.417420,0.371282,0.611379,calls/second,milliseconds
1779273666,195,518.091769,3.335259,2.667647,1.181730,3.235223,3.603291,3.859753,4.595647,4.637007,8.682293,0.275314,0.417420,0.371282,0.611379,calls/second,milliseconds
1779273667,195,518.091769,3.335259,2.667647,1.181730,3.235223,3.603291,3.859753,4.595647,4.637007,8.682293,0.274926,0.417420,0.371282,0.611379,calls/second,milliseconds
1779273668,195,518.091769,3.335259,2.667647,1.181730,3.235223,3.603291,3.859753,4.595647,4.637007,8.682293,0.274538,0.384045,0.365145,0.607991,calls/second,milliseconds
1779273669,195,518.091769,3.335259,2.667647,1.181730,3.235223,3.603291,3.859753,4.595647,4.637007,8.682293,0.274151,0.384045,0.365145,0.607991,calls/second,milliseconds
1779273670,195,518.091769,3.335259,2.667647,1.181730,3.235223,3.603291,3.859753,4.595647,4.637007,8.682293,0.273766,0.384045,0.365145,0.607991,calls/second,milliseconds
1779273671,195,518.091769,3.335259,2.667647,1.181730,3.235223,3.603291,3.859753,4.595647,4.637007,8.682293,0.273382,0.384045,0.365145,0.607991,calls/second,milliseconds
1779273672,195,518.091769,3.335259,2.667647,1.181730,3.235223,3.603291,3.859753,4.595647,4.637007,8.682293,0.272998,0.384045,0.365145,0.607991,calls/second,milliseconds
1779273673,195,518.091769,3.335259,2.667647,1.181730,3.235223,3.603291,3.859753,4.595647,4.637007,8.682293,0.272616,0.353338,0.359110,0.604623,calls/second,milliseconds
1779273674,195,518.091769,3.335259,2.667647,1.181730,3.235223,3.603291,3.859753,4.595647,4.637007,8.682293,0.272235,0.353338,0.359110,0.604623,calls/second,milliseconds
1779273675,195,518.091769,3.335259,2.667647,1.181730,3.235223,3.603291,3.859753,4.595647,4.637007,8.682293,0.271855,0.353338,0.359110,0.604623,calls/second,milliseconds
1779273676,195,518.091769,3.335259,2.667647,1.181730,3.235223,3.603291,3.859753,4.595647,4.637007,8.682293,0.271476,0.353338,0.359110,0.604623,calls/second,milliseconds
1779273677,195,518.091769,3.335259,2.667647,1.181730,3.235223,3.603291,3.859753,4.595647,4.637007,8.682293,0.271098,0.353338,0.359110,0.604623,calls/second,milliseconds
1779273678,195,518.091769,3.335259,2.667647,1.181730,3.235223,3.603291,3.859753,4.595647,4.637007,8.682293,0.270721,0.325087,0.353174,0.601273,calls/second,milliseconds
1779273679,195,518.091769,3.335259,2.667647,1.181730,3.235223,3.603291,3.859753,4.595647,4.637007,8.682293,0.270345,0.325087,0.353174,0.601273,calls/second,milliseconds
1779273680,195,518.091769,3.335259,2.667647,1.181730,3.235223,3.603291,3.859753,4.595647,4.637007,8.682293,0.269970,0.325087,0.353174,0.601273,calls/second,milliseconds
1779273681,195,518.091769,3.335259,2.667647,1.181730,3.235223,3.603291,3.859753,4.595647,4.637007,8.682293,0.269596,0.325087,0.353174,0.601273,calls/second,milliseconds
1779273682,195,518.091769,3.335259,2.667647,1.181730,3.235223,3.603291,3.859753,4.595647,4.637007,8.682293,0.269224,0.325087,0.353174,0.601273,calls/second,milliseconds
1779273683,195,518.091769,3.335259,2.667647,1.181730,3.235223,3.603291,3.859753,4.595647,4.637007,8.682293,0.268852,0.299095,0.347337,0.597942,calls/second,milliseconds
1779273684,195,518.091769,3.335259,2.667647,1.181730,3.235223,3.603291,3.859753,4.595647,4.637007,8.682293,0.268481,0.299095,0.347337,0.597942,calls/second,milliseconds
1779273685,195,518.091769,3.335259,2.667647,1.181730,3.235223,3.603291,3.859753,4.595647,4.637007,8.682293,0.268112,0.299095,0.347337,0.597942,calls/second,milliseconds
1779273686,195,518.091769,3.335259,2.667647,1.181730,3.235223,3.603291,3.859753,4.595647,4.637007,8.682293,0.267743,0.299095,0.347337,0.597942,calls/second,milliseconds
1779273687,195,518.091769,3.335259,2.667647,1.181730,3.235223,3.603291,3.859753,4.595647,4.637007,8.682293,0.267375,0.299095,0.347337,0.597942,calls/second,milliseconds
1779273688,195,518.091769,3.335259,2.667647,1.181730,3.235223,3.603291,3.859753,4.595647,4.637007,8.682293,0.267009,0.275180,0.341596,0.594630,calls/second,milliseconds
1779273689,195,518.091769,3.335259,2.667647,1.181730,3.235223,3.603291,3.859753,4.595647,4.637007,8.682293,0.266643,0.275180,0.341596,0.594630,calls/second,milliseconds
1779273690,200,518.091769,3.420804,2.667647,1.060546,3.275602,3.711068,3.844090,4.350017,4.637007,8.646077,0.273106,0.275180,0.341596,0.594630,calls/second,milliseconds
1779273691,200,518.091769,3.420804,2.667647,1.060546,3.275602,3.711068,3.844090,4.350017,4.637007,8.646077,0.272733,0.275180,0.341596,0.594630,calls/second,milliseconds
1779273692,200,518.091769,3.420804,2.667647,1.060546,3.275602,3.711068,3.844090,4.350017,4.637007,8.646077,0.272361,0.275180,0.341596,0.594630,calls/second,milliseconds
1779273693,200,518.091769,3.420804,2.667647,1.060546,3.275602,3.711068,3.844090,4.350017,4.637007,8.646077,0.271990,0.333134,0.352478,0.596875,calls/second,milliseconds
1779273694,200,518.091769,3.420804,2.667647,1.060546,3.275602,3.711068,3.844090,4.350017,4.637007,8.646077,0.271620,0.333134,0.352478,0.596875,calls/second,milliseconds
1779273695,200,518.091769,3.420804,2.667647,1.060546,3.275602,3.711068,3.844090,4.350017,4.637007,8.646077,0.271251,0.333134,0.352478,0.596875,calls/second,milliseconds
1779273696,200,518.091769,3.420804,2.667647,1.060546,3.275602,3.711068,3.844090,4.350017,4.637007,8.646077,0.270883,0.333134,0.352478,0.596875,calls/second,milliseconds
1779273697,200,518.091769,3.420804,2.667647,1.060546,3.275602,3.711068,3.844090,4.350017,4.637007,8.646077,0.270517,0.333134,0.352478,0.596875,calls/second,milliseconds
1779273698,200,518.091769,3.420804,2.667647,1.060546,3.275602,3.711068,3.844090,4.350017,4.637007,8.646077,0.270151,0.306498,0.346652,0.593569,calls/second,milliseconds
1779273699,200,518.091769,3.420804,2.667647,1.060546,3.275602,3.711068,3.844090,4.350017,4.637007,8.646077,0.269786,0.306498,0.346652,0.593569,calls/second,milliseconds
1779273700,205,518.091769,3.415002,2.667647,0.949516,3.375421,3.696743,3.794903,3.886672,4.597000,4.676286,0.276157,0.306498,0.346652,0.593569,calls/second,milliseconds
1779273701,205,518.091769,3.415002,2.667647,0.949516,3.375421,3.696743,3.794903,3.886672,4.597000,4.676286,0.275785,0.306498,0.346652,0.593569,calls/second,milliseconds
1779273702,205,518.091769,3.415002,2.667647,0.949516,3.375421,3.696743,3.794903,3.886672,4.597000,4.676286,0.275414,0.306498,0.346652,0.593569,calls/second,milliseconds
1779273703,205,518.091769,3.415002,2.667647,0.949516,3.375421,3.696743,3.794903,3.886672,4.597000,4.676286,0.275044,0.361947,0.357451,0.595820,calls/second,milliseconds
1779273704,205,518.091769,3.415002,2.667647,0.949516,3.375421,3.696743,3.794903,3.886672,4.597000,4.676286,0.274675,0.361947,0.357451,0.595820,calls/second,milliseconds
1779273705,205,518.091769,3.415002,2.667647,0.949516,3.375421,3.696743,3.794903,3.886672,4.597000,4.676286,0.274307,0.361947,0.357451,0.595820,calls/second,milliseconds
1779273706,205,518.091769,3.415002,2.667647,0.949516,3.375421,3.696743,3.794903,3.886672,4.597000,4.676286,0.273940,0.361947,0.357451,0.595820,calls/second,milliseconds
1779273707,205,518.091769,3.415002,2.667647,0.949516,3.375421,3.696743,3.794903,3.886672,4.597000,4.676286,0.273574,0.361947,0.357451,0.595820,calls/second,milliseconds
1779273708,205,518.091769,3.415002,2.667647,0.949516,3.375421,3.696743,3.794903,3.886672,4.597000,4.676286,0.273208,0.333007,0.351543,0.592519,calls/second,milliseconds
1779273709,205,518.091769,3.415002,2.667647,0.949516,3.375421,3.696743,3.794903,3.886672,4.597000,4.676286,0.272844,0.333007,0.351543,0.592519,calls/second,milliseconds
1779273710,205,518.091769,3.415002,2.667647,0.949516,3.375421,3.696743,3.794903,3.886672,4.597000,4.676286,0.272481,0.333007,0.351543,0.592519,calls/second,milliseconds
1779273711,205,518.091769,3.415002,2.667647,0.949516,3.375421,3.696743,3.794903,3.886672,4.597000,4.676286,0.272119,0.333007,0.351543,0.592519,calls/second,milliseconds
1779273712,205,518.091769,3.415002,2.667647,0.949516,3.375421,3.696743,3.794903,3.886672,4.597000,4.676286,0.271757,0.333007,0.351543,0.592519,calls/second,milliseconds
1779273713,205,518.091769,3.415002,2.667647,0.949516,3.375421,3.696743,3.794903,3.886672,4.597000,4.676286,0.271397,0.306382,0.345733,0.589237,calls/second,milliseconds
1779273714,205,518.091769,3.415002,2.667647,0.949516,3.375421,3.696743,3.794903,3.886672,4.597000,4.676286,0.271038,0.306382,0.345733,0.589237,calls/second,milliseconds
1779273715,205,518.091769,3.415002,2.667647,0.949516,3.375421,3.696743,3.794903,3.886672,4.597000,4.676286,0.270679,0.306382,0.345733,0.589237,calls/second,milliseconds
1779273716,205,518.091769,3.415002,2.667647,0.949516,3.375421,3.696743,3.794903,3.886672,4.597000,4.676286,0.270322,0.306382,0.345733,0.589237,calls/second,milliseconds
1779273717,205,518.091769,3.415002,2.667647,0.949516,3.375421,3.696743,3.794903,3.886672,4.597000,4.676286,0.269965,0.306382,0.345733,0.589237,calls/second,milliseconds
1779273718,205,518.091769,3.415002,2.667647,0.949516,3.375421,3.696743,3.794903,3.886672,4.597000,4.676286,0.269610,0.281885,0.340018,0.585972,calls/second,milliseconds
1779273719,205,518.091769,3.415002,2.667647,0.949516,3.375421,3.696743,3.794903,3.886672,4.597000,4.676286,0.269255,0.281885,0.340018,0.585972,calls/second,milliseconds
1779273720,205,518.091769,3.415002,2.667647,0.949516,3.375421,3.696743,3.794903,3.886672,4.597000,4.676286,0.268902,0.281885,0.340018,0.585972,calls/second,milliseconds
1779273721,205,518.091769,3.415002,2.667647,0.949516,3.375421,3.696743,3.794903,3.886672,4.597000,4.676286,0.268549,0.281885,0.340018,0.585972,calls/second,milliseconds
1779273722,205,518.091769,3.415002,2.667647,0.949516,3.375421,3.696743,3.794903,3.886672,4.597000,4.676286,0.268197,0.281885,0.340018,0.585972,calls/second,milliseconds
1779273723,205,518.091769,3.415002,2.667647,0.949516,3.375421,3.696743,3.794903,3.886672,4.597000,4.676286,0.267846,0.259346,0.334398,0.582726,calls/second,milliseconds
1779273724,205,518.091769,3.415002,2.667647,0.949516,3.375421,3.696743,3.794903,3.886672,4.597000,4.676286,0.267496,0.259346,0.334398,0.582726,calls/second,milliseconds
1779273725,205,518.091769,3.415002,2.667647,0.949516,3.375421,3.696743,3.794903,3.886672,4.597000,4.676286,0.267147,0.259346,0.334398,0.582726,calls/second,milliseconds
1779273726,205,518.091769,3.415002,2.667647,0.949516,3.375421,3.696743,3.794903,3.886672,4.597000,4.676286,0.266799,0.259346,0.334398,0.582726,calls/second,milliseconds
1779273727,205,518.091769,3.415002,2.667647,0.949516,3.375421,3.696743,3.794903,3.886672,4.597000,4.676286,0.266451,0.259346,0.334398,0.582726,calls/second,milliseconds
1779273728,205,518.091769,3.415002,2.667647,0.949516,3.375421,3.696743,3.794903,3.886672,4.597000,4.676286,0.266105,0.238610,0.328871,0.579498,calls/second,milliseconds
1779273729,205,518.091769,3.415002,2.667647,0.949516,3.375421,3.696743,3.794903,3.886672,4.597000,4.676286,0.265759,0.238610,0.328871,0.579498,calls/second,milliseconds
1779273730,205,518.091769,3.415002,2.667647,0.949516,3.375421,3.696743,3.794903,3.886672,4.597000,4.676286,0.265414,0.238610,0.328871,0.579498,calls/second,milliseconds
1779273731,205,518.091769,3.415002,2.667647,0.949516,3.375421,3.696743,3.794903,3.886672,4.597000,4.676286,0.265071,0.238610,0.328871,0.579498,calls/second,milliseconds
1779273732,205,518.091769,3.415002,2.667647,0.949516,3.375421,3.696743,3.794903,3.886672,4.597000,4.676286,0.264728,0.238610,0.328871,0.579498,calls/second,milliseconds
1779273733,205,518.091769,3.415002,2.667647,0.949516,3.375421,3.696743,3.794903,3.886672,4.597000,4.676286,0.264386,0.219532,0.323435,0.576287,calls/second,milliseconds
1779273734,205,518.091769,3.415002,2.667647,0.949516,3.375421,3.696743,3.794903,3.886672,4.597000,4.676286,0.264045,0.219532,0.323435,0.576287,calls/second,milliseconds
1779273735,205,518.091769,3.415002,2.667647,0.949516,3.375421,3.696743,3.794903,3.886672,4.597000,4.676286,0.263705,0.219532,0.323435,0.576287,calls/second,milliseconds
1779273736,205,518.091769,3.415002,2.667647,0.949516,3.375421,3.696743,3.794903,3.886672,4.597000,4.676286,0.263365,0.219532,0.323435,0.576287,calls/second,milliseconds
1779273737,205,518.091769,3.415002,2.667647,0.949516,3.375421,3.696743,3.794903,3.886672,4.597000,4.676286,0.263027,0.219532,0.323435,0.576287,calls/second,milliseconds
1779273738,205,518.091769,3.415002,2.667647,0.949516,3.375421,3.696743,3.794903,3.886672,4.597000,4.676286,0.262689,0.201979,0.318089,0.573094,calls/second,milliseconds
1779273739,205,518.091769,3.415002,2.667647,0.949516,3.375421,3.696743,3.794903,3.886672,4.597000,4.676286,0.262352,0.201979,0.318089,0.573094,calls/second,milliseconds
1779273740,205,518.091769,3.415002,2.667647,0.949516,3.375421,3.696743,3.794903,3.886672,4.597000,4.676286,0.262017,0.201979,0.318089,0.573094,calls/second,milliseconds
1779273741,205,518.091769,3.415002,2.667647,0.949516,3.375421,3.696743,3.794903,3.886672,4.597000,4.676286,0.261682,0.201979,0.318089,0.573094,calls/second,milliseconds
1779273742,205,518.091769,3.415002,2.667647,0.949516,3.375421,3.696743,3.794903,3.886672,4.597000,4.676286,0.261348,0.201979,0.318089,0.573094,calls/second,milliseconds
1779273743,205,518.091769,3.415002,2.667647,0.949516,3.375421,3.696743,3.794903,3.886672,4.597000,4.676286,0.261014,0.185830,0.312832,0.569919,calls/second,milliseconds
1779273744,205,518.091769,3.415002,2.667647,0.949516,3.375421,3.696743,3.794903,3.886672,4.597000,4.676286,0.260682,0.185830,0.312832,0.569919,calls/second,milliseconds
1779273745,205,518.091769,3.415002,2.667647,0.949516,3.375421,3.696743,3.794903,3.886672,4.597000,4.676286,0.260351,0.185830,0.312832,0.569919,calls/second,milliseconds
1779273746,205,518.091769,3.415002,2.667647,0.949516,3.375421,3.696743,3.794903,3.886672,4.597000,4.676286,0.260020,0.185830,0.312832,0.569919,calls/second,milliseconds
1779273747,205,518.091769,3.415002,2.667647,0.949516,3.375421,3.696743,3.794903,3.886672,4.597000,4.676286,0.259690,0.185830,0.312832,0.569919,calls/second,milliseconds
1779273748,205,518.091769,3.415002,2.667647,0.949516,3.375421,3.696743,3.794903,3.886672,4.597000,4.676286,0.259361,0.170972,0.307661,0.566762,calls/second,milliseconds
1779273749,205,518.091769,3.415002,2.667647,0.949516,3.375421,3.696743,3.794903,3.886672,4.597000,4.676286,0.259033,0.170972,0.307661,0.566762,calls/second,milliseconds
1779273750,205,518.091769,3.415002,2.667647,0.949516,3.375421,3.696743,3.794903,3.886672,4.597000,4.676286,0.258705,0.170972,0.307661,0.566762,calls/second,milliseconds
1779273751,205,518.091769,3.415002,2.667647,0.949516,3.375421,3.696743,3.794903,3.886672,4.597000,4.676286,0.258379,0.170972,0.307661,0.566762,calls/second,milliseconds
1779273752,205,518.091769,3.415002,2.667647,0.949516,3.375421,3.696743,3.794903,3.886672,4.597000,4.676286,0.258053,0.170972,0.307661,0.566762,calls/second,milliseconds
1779273753,205,518.091769,3.415002,2.667647,0.949516,3.375421,3.696743,3.794903,3.886672,4.597000,4.676286,0.257728,0.157302,0.302576,0.563622,calls/second,milliseconds
1779273754,205,518.091769,3.415002,2.667647,0.949516,3.375421,3.696743,3.794903,3.886672,4.597000,4.676286,0.257404,0.157302,0.302576,0.563622,calls/second,milliseconds
1779273755,205,518.091769,3.415002,2.667647,0.949516,3.375421,3.696743,3.794903,3.886672,4.597000,4.676286,0.257079,0.157302,0.302576,0.563622,calls/second,milliseconds
1779273756,205,518.091769,3.415002,2.667647,0.949516,3.375421,3.696743,3.794903,3.886672,4.597000,4.676286,0.256757,0.157302,0.302576,0.563622,calls/second,milliseconds
1779273757,205,518.091769,3.415002,2.667647,0.949516,3.375421,3.696743,3.794903,3.886672,4.597000,4.676286,0.256435,0.157302,0.302576,0.563622,calls/second,milliseconds
1779273758,205,518.091769,3.415002,2.667647,0.949516,3.375421,3.696743,3.794903,3.886672,4.597000,4.676286,0.256114,0.144724,0.297575,0.560499,calls/second,milliseconds
1779273759,205,518.091769,3.415002,2.667647,0.949516,3.375421,3.696743,3.794903,3.886672,4.597000,4.676286,0.255794,0.144724,0.297575,0.560499,calls/second,milliseconds
1779273760,205,518.091769,3.415002,2.667647,0.949516,3.375421,3.696743,3.794903,3.886672,4.597000,4.676286,0.255475,0.144724,0.297575,0.560499,calls/second,milliseconds
1779273761,205,518.091769,3.415002,2.667647,0.949516,3.375421,3.696743,3.794903,3.886672,4.597000,4.676286,0.255156,0.144724,0.297575,0.560499,calls/second,milliseconds
1779273762,210,518.091769,4.061198,2.667647,1.195261,3.696743,5.266125,5.483598,5.483598,5.483598,5.483598,0.261054,0.144724,0.297575,0.560499,calls/second,milliseconds
1779273763,210,518.091769,4.061198,2.667647,1.195261,3.696743,5.266125,5.483598,5.483598,5.483598,5.483598,0.260730,0.213108,0.309185,0.562934,calls/second,milliseconds
1779273764,210,518.091769,4.061198,2.667647,1.195261,3.696743,5.266125,5.483598,5.483598,5.483598,5.483598,0.260406,0.213108,0.309185,0.562934,calls/second,milliseconds
1779273765,210,518.091769,4.061198,2.667647,1.195261,3.696743,5.266125,5.483598,5.483598,5.483598,5.483598,0.260083,0.213108,0.309185,0.562934,calls/second,milliseconds
1779273766,210,518.091769,4.061198,2.667647,1.195261,3.696743,5.266125,5.483598,5.483598,5.483598,5.483598,0.259761,0.213108,0.309185,0.562934,calls/second,milliseconds
1779273767,210,518.091769,4.061198,2.667647,1.195261,3.696743,5.266125,5.483598,5.483598,5.483598,5.483598,0.259439,0.213108,0.309185,0.562934,calls/second,milliseconds
1779273768,210,518.091769,4.061198,2.667647,1.195261,3.696743,5.266125,5.483598,5.483598,5.483598,5.483598,0.259119,0.196069,0.304075,0.559815,calls/second,milliseconds
1779273769,210,518.091769,4.061198,2.667647,1.195261,3.696743,5.266125,5.483598,5.483598,5.483598,5.483598,0.258799,0.196069,0.304075,0.559815,calls/second,milliseconds
1779273770,210,518.091769,4.061198,2.667647,1.195261,3.696743,5.266125,5.483598,5.483598,5.483598,5.483598,0.258480,0.196069,0.304075,0.559815,calls/second,milliseconds
1779273771,215,518.091769,3.898028,2.667647,1.047576,3.524894,4.263521,5.358516,5.483598,5.483598,5.483598,0.264308,0.196069,0.304075,0.559815,calls/second,milliseconds
1779273772,215,518.091769,3.898028,2.667647,1.047576,3.524894,4.263521,5.358516,5.483598,5.483598,5.483598,0.263983,0.196069,0.304075,0.559815,calls/second,milliseconds
1779273773,215,518.091769,3.898028,2.667647,1.047576,3.524894,4.263521,5.358516,5.483598,5.483598,5.483598,0.263659,0.260348,0.315577,0.562254,calls/second,milliseconds
1779273774,215,518.091769,3.898028,2.667647,1.047576,3.524894,4.263521,5.358516,5.483598,5.483598,5.483598,0.263336,0.260348,0.315577,0.562254,calls/second,milliseconds
1779273775,215,518.091769,3.898028,2.667647,1.047576,3.524894,4.263521,5.358516,5.483598,5.483598,5.483598,0.263013,0.260348,0.315577,0.562254,calls/second,milliseconds
1779273776,215,518.091769,3.898028,2.667647,1.047576,3.524894,4.263521,5.358516,5.483598,5.483598,5.483598,0.262691,0.260348,0.315577,0.562254,calls/second,milliseconds
1779273777,215,518.091769,3.898028,2.667647,1.047576,3.524894,4.263521,5.358516,5.483598,5.483598,5.483598,0.262370,0.260348,0.315577,0.562254,calls/second,milliseconds
1779273778,215,518.091769,3.898028,2.667647,1.047576,3.524894,4.263521,5.358516,5.483598,5.483598,5.483598,0.262050,0.239532,0.310361,0.559139,calls/second,milliseconds
1779273779,215,518.091769,3.898028,2.667647,1.047576,3.524894,4.263521,5.358516,5.483598,5.483598,5.483598,0.261731,0.239532,0.310361,0.559139,calls/second,milliseconds
1779273780,215,518.091769,3.898028,2.667647,1.047576,3.524894,4.263521,5.358516,5.483598,5.483598,5.483598,0.261412,0.239532,0.310361,0.559139,calls/second,milliseconds
1779273781,215,518.091769,3.898028,2.667647,1.047576,3.524894,4.263521,5.358516,5.483598,5.483598,5.483598,0.261094,0.239532,0.310361,0.559139,calls/second,milliseconds
1779273782,215,518.091769,3.898028,2.667647,1.047576,3.524894,4.263521,5.358516,5.483598,5.483598,5.483598,0.260777,0.239532,0.310361,0.559139,calls/second,milliseconds
1779273783,215,518.091769,3.898028,2.667647,1.047576,3.524894,4.263521,5.358516,5.483598,5.483598,5.483598,0.260460,0.220380,0.305231,0.556041,calls/second,milliseconds
1779273784,215,518.091769,3.898028,2.667647,1.047576,3.524894,4.263521,5.358516,5.483598,5.483598,5.483598,0.260145,0.220380,0.305231,0.556041,calls/second,milliseconds
1779273785,215,518.091769,3.898028,2.667647,1.047576,3.524894,4.263521,5.358516,5.483598,5.483598,5.483598,0.259830,0.220380,0.305231,0.556041,calls/second,milliseconds
1779273786,215,518.091769,3.898028,2.667647,1.047576,3.524894,4.263521,5.358516,5.483598,5.483598,5.483598,0.259516,0.220380,0.305231,0.556041,calls/second,milliseconds
1779273787,215,518.091769,3.898028,2.667647,1.047576,3.524894,4.263521,5.358516,5.483598,5.483598,5.483598,0.259203,0.220380,0.305231,0.556041,calls/second,milliseconds
1779273788,215,518.091769,3.898028,2.667647,1.047576,3.524894,4.263521,5.358516,5.483598,5.483598,5.483598,0.258890,0.202759,0.300186,0.552961,calls/second,milliseconds
1779273789,215,518.091769,3.898028,2.667647,1.047576,3.524894,4.263521,5.358516,5.483598,5.483598,5.483598,0.258578,0.202759,0.300186,0.552961,calls/second,milliseconds
1779273790,215,518.091769,3.898028,2.667647,1.047576,3.524894,4.263521,5.358516,5.483598,5.483598,5.483598,0.258267,0.202759,0.300186,0.552961,calls/second,milliseconds
1779273791,215,518.091769,3.898028,2.667647,1.047576,3.524894,4.263521,5.358516,5.483598,5.483598,5.483598,0.257957,0.202759,0.300186,0.552961,calls/second,milliseconds
1779273792,215,518.091769,3.898028,2.667647,1.047576,3.524894,4.263521,5.358516,5.483598,5.483598,5.483598,0.257647,0.202759,0.300186,0.552961,calls/second,milliseconds
1779273793,215,518.091769,3.898028,2.667647,1.047576,3.524894,4.263521,5.358516,5.483598,5.483598,5.483598,0.257338,0.186548,0.295225,0.549897,calls/second,milliseconds
1779273794,215,518.091769,3.898028,2.667647,1.047576,3.524894,4.263521,5.358516,5.483598,5.483598,5.483598,0.257030,0.186548,0.295225,0.549897,calls/second,milliseconds
1779273795,215,518.091769,3.898028,2.667647,1.047576,3.524894,4.263521,5.358516,5.483598,5.483598,5.483598,0.256723,0.186548,0.295225,0.549897,calls/second,milliseconds
1779273796,215,518.091769,3.898028,2.667647,1.047576,3.524894,4.263521,5.358516,5.483598,5.483598,5.483598,0.256416,0.186548,0.295225,0.549897,calls/second,milliseconds
1779273797,215,518.091769,3.898028,2.667647,1.047576,3.524894,4.263521,5.358516,5.483598,5.483598,5.483598,0.256111,0.186548,0.295225,0.549897,calls/second,milliseconds
1779273798,215,518.091769,3.898028,2.667647,1.047576,3.524894,4.263521,5.358516,5.483598,5.483598,5.483598,0.255805,0.171632,0.290345,0.546851,calls/second,milliseconds
1779273799,215,518.091769,3.898028,2.667647,1.047576,3.524894,4.263521,5.358516,5.483598,5.483598,5.483598,0.255501,0.171632,0.290345,0.546851,calls/second,milliseconds
1779273800,215,518.091769,3.898028,2.667647,1.047576,3.524894,4.263521,5.358516,5.483598,5.483598,5.483598,0.255197,0.171632,0.290345,0.546851,calls/second,milliseconds
1779273801,215,518.091769,3.898028,2.667647,1.047576,3.524894,4.263521,5.358516,5.483598,5.483598,5.483598,0.254894,0.171632,0.290345,0.546851,calls/second,milliseconds
1779273802,215,518.091769,3.898028,2.667647,1.047576,3.524894,4.263521,5.358516,5.483598,5.483598,5.483598,0.254592,0.171632,0.290345,0.546851,calls/second,milliseconds
1779273803,215,518.091769,3.898028,2.667647,1.047576,3.524894,4.263521,5.358516,5.483598,5.483598,5.483598,0.254290,0.157909,0.285546,0.543821,calls/second,milliseconds
1779273804,215,518.091769,3.898028,2.667647,1.047576,3.524894,4.263521,5.358516,5.483598,5.483598,5.483598,0.253989,0.157909,0.285546,0.543821,calls/second,milliseconds
1779273805,215,518.091769,3.898028,2.667647,1.047576,3.524894,4.263521,5.358516,5.483598,5.483598,5.483598,0.253689,0.157909,0.285546,0.543821,calls/second,milliseconds
1779273806,215,518.091769,3.898028,2.667647,1.047576,3.524894,4.263521,5.358516,5.483598,5.483598,5.483598,0.253390,0.157909,0.285546,0.543821,calls/second,milliseconds
1779273807,215,518.091769,3.898028,2.667647,1.047576,3.524894,4.263521,5.358516,5.483598,5.483598,5.483598,0.253091,0.157909,0.285546,0.543821,calls/second,milliseconds
1779273808,215,518.091769,3.898028,2.667647,1.047576,3.524894,4.263521,5.358516,5.483598,5.483598,5.483598,0.252793,0.145283,0.280826,0.540808,calls/second,milliseconds
1779273809,215,518.091769,3.898028,2.667647,1.047576,3.524894,4.263521,5.358516,5.483598,5.483598,5.483598,0.252496,0.145283,0.280826,0.540808,calls/second,milliseconds
1779273810,215,518.091769,3.898028,2.667647,1.047576,3.524894,4.263521,5.358516,5.483598,5.483598,5.483598,0.252199,0.145283,0.280826,0.540808,calls/second,milliseconds
1779273811,215,518.091769,3.898028,2.667647,1.047576,3.524894,4.263521,5.358516,5.483598,5.483598,5.483598,0.251904,0.145283,0.280826,0.540808,calls/second,milliseconds
1779273812,215,518.091769,3.898028,2.667647,1.047576,3.524894,4.263521,5.358516,5.483598,5.483598,5.483598,0.251608,0.145283,0.280826,0.540808,calls/second,milliseconds
1779273813,215,518.091769,3.898028,2.667647,1.047576,3.524894,4.263521,5.358516,5.483598,5.483598,5.483598,0.251314,0.133667,0.276185,0.537812,calls/second,milliseconds
1779273814,215,518.091769,3.898028,2.667647,1.047576,3.524894,4.263521,5.358516,5.483598,5.483598,5.483598,0.251020,0.133667,0.276185,0.537812,calls/second,milliseconds
1779273815,215,518.091769,3.898028,2.667647,1.047576,3.524894,4.263521,5.358516,5.483598,5.483598,5.483598,0.250727,0.133667,0.276185,0.537812,calls/second,milliseconds
1779273816,215,518.091769,3.898028,2.667647,1.047576,3.524894,4.263521,5.358516,5.483598,5.483598,5.483598,0.250434,0.133667,0.276185,0.537812,calls/second,milliseconds
1779273817,215,518.091769,3.898028,2.667647,1.047576,3.524894,4.263521,5.358516,5.483598,5.483598,5.483598,0.250143,0.133667,0.276185,0.537812,calls/second,milliseconds
1779273818,215,518.091769,3.898028,2.667647,1.047576,3.524894,4.263521,5.358516,5.483598,5.483598,5.483598,0.249851,0.122980,0.271620,0.534833,calls/second,milliseconds
1779273819,215,518.091769,3.898028,2.667647,1.047576,3.524894,4.263521,5.358516,5.483598,5.483598,5.483598,0.249561,0.122980,0.271620,0.534833,calls/second,milliseconds
1779273820,215,518.091769,3.898028,2.667647,1.047576,3.524894,4.263521,5.358516,5.483598,5.483598,5.483598,0.249271,0.122980,0.271620,0.534833,calls/second,milliseconds
1779273821,215,518.091769,3.898028,2.667647,1.047576,3.524894,4.263521,5.358516,5.483598,5.483598,5.483598,0.248982,0.122980,0.271620,0.534833,calls/second,milliseconds
1779273822,215,518.091769,3.898028,2.667647,1.047576,3.524894,4.263521,5.358516,5.483598,5.483598,5.483598,0.248694,0.122980,0.271620,0.534833,calls/second,milliseconds
1779273823,215,518.091769,3.898028,2.667647,1.047576,3.524894,4.263521,5.358516,5.483598,5.483598,5.483598,0.248406,0.113147,0.267130,0.531870,calls/second,milliseconds
1779273824,220,518.091769,4.428158,2.667647,1.213035,4.802810,4.852107,7.162526,7.162526,7.162526,7.162526,0.253889,0.113147,0.267130,0.531870,calls/second,milliseconds
1779273825,220,518.091769,4.428158,2.667647,1.213035,4.802810,4.852107,7.162526,7.162526,7.162526,7.162526,0.253596,0.113147,0.267130,0.531870,calls/second,milliseconds
1779273826,220,518.091769,4.428158,2.667647,1.213035,4.802810,4.852107,7.162526,7.162526,7.162526,7.162526,0.253304,0.113147,0.267130,0.531870,calls/second,milliseconds
1779273827,220,518.091769,4.428158,2.667647,1.213035,4.802810,4.852107,7.162526,7.162526,7.162526,7.162526,0.253012,0.113147,0.267130,0.531870,calls/second,milliseconds
1779273828,220,518.091769,4.428158,2.667647,1.213035,4.802810,4.852107,7.162526,7.162526,7.162526,7.162526,0.252721,0.184056,0.279244,0.534463,calls/second,milliseconds
1779273829,220,518.091769,4.428158,2.667647,1.213035,4.802810,4.852107,7.162526,7.162526,7.162526,7.162526,0.252430,0.184056,0.279244,0.534463,calls/second,milliseconds
1779273830,220,518.091769,4.428158,2.667647,1.213035,4.802810,4.852107,7.162526,7.162526,7.162526,7.162526,0.252141,0.184056,0.279244,0.534463,calls/second,milliseconds
1779273831,220,518.091769,4.428158,2.667647,1.213035,4.802810,4.852107,7.162526,7.162526,7.162526,7.162526,0.251852,0.184056,0.279244,0.534463,calls/second,milliseconds
1779273832,220,518.091769,4.428158,2.667647,1.213035,4.802810,4.852107,7.162526,7.162526,7.162526,7.162526,0.251563,0.184056,0.279244,0.534463,calls/second,milliseconds
1779273833,225,518.091769,4.141644,2.667647,1.098879,3.525983,4.845088,7.162526,7.162526,7.162526,7.162526,0.256986,0.169339,0.274628,0.531502,calls/second,milliseconds
1779273834,225,518.091769,4.141644,2.667647,1.098879,3.525983,4.845088,7.162526,7.162526,7.162526,7.162526,0.256692,0.169339,0.274628,0.531502,calls/second,milliseconds
1779273835,225,518.091769,4.141644,2.667647,1.098879,3.525983,4.845088,7.162526,7.162526,7.162526,7.162526,0.256399,0.169339,0.274628,0.531502,calls/second,milliseconds
1779273836,225,518.091769,4.141644,2.667647,1.098879,3.525983,4.845088,7.162526,7.162526,7.162526,7.162526,0.256107,0.169339,0.274628,0.531502,calls/second,milliseconds
1779273837,225,518.091769,4.141644,2.667647,1.098879,3.525983,4.845088,7.162526,7.162526,7.162526,7.162526,0.255816,0.169339,0.274628,0.531502,calls/second,milliseconds
1779273838,225,518.091769,4.141644,2.667647,1.098879,3.525983,4.845088,7.162526,7.162526,7.162526,7.162526,0.255525,0.235755,0.286617,0.534098,calls/second,milliseconds
1779273839,225,518.091769,4.141644,2.667647,1.098879,3.525983,4.845088,7.162526,7.162526,7.162526,7.162526,0.255234,0.235755,0.286617,0.534098,calls/second,milliseconds
1779273840,225,518.091769,4.141644,2.667647,1.098879,3.525983,4.845088,7.162526,7.162526,7.162526,7.162526,0.254945,0.235755,0.286617,0.534098,calls/second,milliseconds
1779273841,225,518.091769,4.141644,2.667647,1.098879,3.525983,4.845088,7.162526,7.162526,7.162526,7.162526,0.254656,0.235755,0.286617,0.534098,calls/second,milliseconds
1779273842,225,518.091769,4.141644,2.667647,1.098879,3.525983,4.845088,7.162526,7.162526,7.162526,7.162526,0.254368,0.235755,0.286617,0.534098,calls/second,milliseconds
1779273843,225,518.091769,4.141644,2.667647,1.098879,3.525983,4.845088,7.162526,7.162526,7.162526,7.162526,0.254080,0.216905,0.281880,0.531139,calls/second,milliseconds
1779273844,225,518.091769,4.141644,2.667647,1.098879,3.525983,4.845088,7.162526,7.162526,7.162526,7.162526,0.253793,0.216905,0.281880,0.531139,calls/second,milliseconds
1779273845,225,518.091769,4.141644,2.667647,1.098879,3.525983,4.845088,7.162526,7.162526,7.162526,7.162526,0.253506,0.216905,0.281880,0.531139,calls/second,milliseconds
1779273846,225,518.091769,4.141644,2.667647,1.098879,3.525983,4.845088,7.162526,7.162526,7.162526,7.162526,0.253221,0.216905,0.281880,0.531139,calls/second,milliseconds
1779273847,225,518.091769,4.141644,2.667647,1.098879,3.525983,4.845088,7.162526,7.162526,7.162526,7.162526,0.252936,0.216905,0.281880,0.531139,calls/second,milliseconds
1779273848,225,518.091769,4.141644,2.667647,1.098879,3.525983,4.845088,7.162526,7.162526,7.162526,7.162526,0.252651,0.199563,0.277221,0.528196,calls/second,milliseconds
1779273849,225,518.091769,4.141644,2.667647,1.098879,3.525983,4.845088,7.162526,7.162526,7.162526,7.162526,0.252368,0.199563,0.277221,0.528196,calls/second,milliseconds
1779273850,225,518.091769,4.141644,2.667647,1.098879,3.525983,4.845088,7.162526,7.162526,7.162526,7.162526,0.252084,0.199563,0.277221,0.528196,calls/second,milliseconds
1779273851,225,518.091769,4.141644,2.667647,1.098879,3.525983,4.845088,7.162526,7.162526,7.162526,7.162526,0.251802,0.199563,0.277221,0.528196,calls/second,milliseconds
1779273852,225,518.091769,4.141644,2.667647,1.098879,3.525983,4.845088,7.162526,7.162526,7.162526,7.162526,0.251520,0.199563,0.277221,0.528196,calls/second,milliseconds
1779273853,225,518.091769,4.141644,2.667647,1.098879,3.525983,4.845088,7.162526,7.162526,7.162526,7.162526,0.251239,0.183606,0.272639,0.525270,calls/second,milliseconds
1779273854,225,518.091769,4.141644,2.667647,1.098879,3.525983,4.845088,7.162526,7.162526,7.162526,7.162526,0.250958,0.183606,0.272639,0.525270,calls/second,milliseconds
1779273855,225,518.091769,4.141644,2.667647,1.098879,3.525983,4.845088,7.162526,7.162526,7.162526,7.162526,0.250678,0.183606,0.272639,0.525270,calls/second,milliseconds
1779273856,230,518.091769,3.921850,2.667647,0.980096,3.484549,4.802810,5.483598,7.162526,7.162526,7.162526,0.255963,0.183606,0.272639,0.525270,calls/second,milliseconds
1779273857,230,518.091769,3.921850,2.667647,0.980096,3.484549,4.802810,5.483598,7.162526,7.162526,7.162526,0.255678,0.183606,0.272639,0.525270,calls/second,milliseconds
1779273858,230,518.091769,3.921850,2.667647,0.980096,3.484549,4.802810,5.483598,7.162526,7.162526,7.162526,0.255394,0.248882,0.284661,0.527900,calls/second,milliseconds
1779273859,230,518.091769,3.921850,2.667647,0.980096,3.484549,4.802810,5.483598,7.162526,7.162526,7.162526,0.255110,0.248882,0.284661,0.527900,calls/second,milliseconds
1779273860,230,518.091769,3.921850,2.667647,0.980096,3.484549,4.802810,5.483598,7.162526,7.162526,7.162526,0.254827,0.248882,0.284661,0.527900,calls/second,milliseconds
1779273861,230,518.091769,3.921850,2.667647,0.980096,3.484549,4.802810,5.483598,7.162526,7.162526,7.162526,0.254544,0.248882,0.284661,0.527900,calls/second,milliseconds
1779273862,230,518.091769,3.921850,2.667647,0.980096,3.484549,4.802810,5.483598,7.162526,7.162526,7.162526,0.254262,0.248882,0.284661,0.527900,calls/second,milliseconds
1779273863,230,518.091769,3.921850,2.667647,0.980096,3.484549,4.802810,5.483598,7.162526,7.162526,7.162526,0.253981,0.228982,0.279956,0.524975,calls/second,milliseconds
1779273864,230,518.091769,3.921850,2.667647,0.980096,3.484549,4.802810,5.483598,7.162526,7.162526,7.162526,0.253700,0.228982,0.279956,0.524975,calls/second,milliseconds
1779273865,235,518.091769,3.802013,2.667647,0.868776,3.465231,3.525983,5.338241,7.162526,7.162526,7.162526,0.258929,0.228982,0.279956,0.524975,calls/second,milliseconds
1779273866,235,518.091769,3.802013,2.667647,0.868776,3.465231,3.525983,5.338241,7.162526,7.162526,7.162526,0.258644,0.228982,0.279956,0.524975,calls/second,milliseconds
1779273867,235,518.091769,3.802013,2.667647,0.868776,3.465231,3.525983,5.338241,7.162526,7.162526,7.162526,0.258359,0.228982,0.279956,0.524975,calls/second,milliseconds
1779273868,235,518.091769,3.802013,2.667647,0.868776,3.465231,3.525983,5.338241,7.162526,7.162526,7.162526,0.258075,0.290629,0.291857,0.527607,calls/second,milliseconds
1779273869,235,518.091769,3.802013,2.667647,0.868776,3.465231,3.525983,5.338241,7.162526,7.162526,7.162526,0.257791,0.290629,0.291857,0.527607,calls/second,milliseconds
1779273870,235,518.091769,3.802013,2.667647,0.868776,3.465231,3.525983,5.338241,7.162526,7.162526,7.162526,0.257508,0.290629,0.291857,0.527607,calls/second,milliseconds
1779273871,235,518.091769,3.802013,2.667647,0.868776,3.465231,3.525983,5.338241,7.162526,7.162526,7.162526,0.257226,0.290629,0.291857,0.527607,calls/second,milliseconds
1779273872,235,518.091769,3.802013,2.667647,0.868776,3.465231,3.525983,5.338241,7.162526,7.162526,7.162526,0.256945,0.290629,0.291857,0.527607,calls/second,milliseconds
1779273873,240,518.091769,3.731168,2.667647,0.900798,3.452324,3.525983,5.411468,7.162526,7.162526,7.162526,0.262124,0.347348,0.303562,0.530224,calls/second,milliseconds
1779273874,240,518.091769,3.731168,2.667647,0.900798,3.452324,3.525983,5.411468,7.162526,7.162526,7.162526,0.261838,0.347348,0.303562,0.530224,calls/second,milliseconds
1779273875,240,518.091769,3.731168,2.667647,0.900798,3.452324,3.525983,5.411468,7.162526,7.162526,7.162526,0.261552,0.347348,0.303562,0.530224,calls/second,milliseconds
1779273876,240,518.091769,3.731168,2.667647,0.900798,3.452324,3.525983,5.411468,7.162526,7.162526,7.162526,0.261267,0.347348,0.303562,0.530224,calls/second,milliseconds
1779273877,240,518.091769,3.731168,2.667647,0.900798,3.452324,3.525983,5.411468,7.162526,7.162526,7.162526,0.260982,0.347348,0.303562,0.530224,calls/second,milliseconds
1779273878,240,518.091769,3.731168,2.667647,0.900798,3.452324,3.525983,5.411468,7.162526,7.162526,7.162526,0.260699,0.319575,0.298545,0.527287,calls/second,milliseconds
1779273879,240,518.091769,3.731168,2.667647,0.900798,3.452324,3.525983,5.411468,7.162526,7.162526,7.162526,0.260415,0.319575,0.298545,0.527287,calls/second,milliseconds
1779273880,240,518.091769,3.731168,2.667647,0.900798,3.452324,3.525983,5.411468,7.162526,7.162526,7.162526,0.260132,0.319575,0.298545,0.527287,calls/second,milliseconds
1779273881,240,518.091769,3.731168,2.667647,0.900798,3.452324,3.525983,5.411468,7.162526,7.162526,7.162526,0.259850,0.319575,0.298545,0.527287,calls/second,milliseconds
1779273882,245,518.091769,3.496827,2.496082,0.926757,3.423915,3.500653,5.411468,5.483598,7.162526,7.162526,0.264977,0.319575,0.298545,0.527287,calls/second,milliseconds
1779273883,245,518.091769,3.496827,2.496082,0.926757,3.423915,3.500653,5.411468,5.483598,7.162526,7.162526,0.264690,0.373979,0.310139,0.529905,calls/second,milliseconds
1779273884,245,518.091769,3.496827,2.496082,0.926757,3.423915,3.500653,5.411468,5.483598,7.162526,7.162526,0.264404,0.373979,0.310139,0.529905,calls/second,milliseconds
1779273885,245,518.091769,3.496827,2.496082,0.926757,3.423915,3.500653,5.411468,5.483598,7.162526,7.162526,0.264118,0.373979,0.310139,0.529905,calls/second,milliseconds
1779273886,245,518.091769,3.496827,2.496082,0.926757,3.423915,3.500653,5.411468,5.483598,7.162526,7.162526,0.263834,0.373979,0.310139,0.529905,calls/second,milliseconds
1779273887,245,518.091769,3.496827,2.496082,0.926757,3.423915,3.500653,5.411468,5.483598,7.162526,7.162526,0.263549,0.373979,0.310139,0.529905,calls/second,milliseconds
1779273888,245,518.091769,3.496827,2.496082,0.926757,3.423915,3.500653,5.411468,5.483598,7.162526,7.162526,0.263266,0.344077,0.305012,0.526970,calls/second,milliseconds
1779273889,245,518.091769,3.496827,2.496082,0.926757,3.423915,3.500653,5.411468,5.483598,7.162526,7.162526,0.262983,0.344077,0.305012,0.526970,calls/second,milliseconds
1779273890,245,518.091769,3.496827,2.496082,0.926757,3.423915,3.500653,5.411468,5.483598,7.162526,7.162526,0.262700,0.344077,0.305012,0.526970,calls/second,milliseconds
1779273891,245,518.091769,3.496827,2.496082,0.926757,3.423915,3.500653,5.411468,5.483598,7.162526,7.162526,0.262418,0.344077,0.305012,0.526970,calls/second,milliseconds
1779273892,245,518.091769,3.496827,2.496082,0.926757,3.423915,3.500653,5.411468,5.483598,7.162526,7.162526,0.262137,0.344077,0.305012,0.526970,calls/second,milliseconds
1779273893,245,518.091769,3.496827,2.496082,0.926757,3.423915,3.500653,5.411468,5.483598,7.162526,7.162526,0.261857,0.316566,0.299971,0.524050,calls/second,milliseconds
1779273894,245,518.091769,3.496827,2.496082,0.926757,3.423915,3.500653,5.411468,5.483598,7.162526,7.162526,0.261577,0.316566,0.299971,0.524050,calls/second,milliseconds
1779273895,245,518.091769,3.496827,2.496082,0.926757,3.423915,3.500653,5.411468,5.483598,7.162526,7.162526,0.261297,0.316566,0.299971,0.524050,calls/second,milliseconds
1779273896,245,518.091769,3.496827,2.496082,0.926757,3.423915,3.500653,5.411468,5.483598,7.162526,7.162526,0.261019,0.316566,0.299971,0.524050,calls/second,milliseconds
1779273897,245,518.091769,3.496827,2.496082,0.926757,3.423915,3.500653,5.411468,5.483598,7.162526,7.162526,0.260740,0.316566,0.299971,0.524050,calls/second,milliseconds
1779273898,245,518.091769,3.496827,2.496082,0.926757,3.423915,3.500653,5.411468,5.483598,7.162526,7.162526,0.260463,0.291255,0.295013,0.521147,calls/second,milliseconds
1779273899,245,518.091769,3.496827,2.496082,0.926757,3.423915,3.500653,5.411468,5.483598,7.162526,7.162526,0.260186,0.291255,0.295013,0.521147,calls/second,milliseconds
